[22348, 312, 1302, 8918, 17557, 3959, 25227, 1784, 241, 7334, 241, 3846, 10163, 12207, 19, 0],[1, 1, 1, 1, 1, 1, 1, 1, 1, 1, 1, 1, 1, 1, 1, 1]
0,1
0,1
0,1
0,1
0,1
0,1
0,1
0,1
0,1
[22348, 312, 1302, 8918, 17557, 3959, 25227, 1784, 241, 1264, 0],[1, 1, 1, 1, 1, 1, 1, 1, 1, 1, 1]
0,1
[5592, 10, 12097, 0],[1, 1, 1, 1]
[12, 6361, 1023, 33348, 82, 12098, 16, 8918, 17557, 3959, 38978, 12098, 16, 8918, 17557, 3959, 30177, 12, 414, 28, 16, 8918, 17557, 3959, 30177, 12, 414, 703, 8027, 41, 3758, 1133, 19, 587, 26, 10157, 88, 2, 9729, 30177, 12, 414, 26, 294, 124, 17557, 3959, 17397, 25227, 30177, 12, 414, 50992, 3758, 1133, 19, 587, 16, 8597, 30177, 12, 414, 196, 22432, 30177, 12, 414, 196, 1824, 30177, 12, 414, 703, 3082, 30177, 12, 414, 703, 25, 155, 9854, 30177, 12, 414, 196, 1124, 30177, 12, 414, 703, 235, 41, 30177, 12, 414, 246, 30177, 12, 414, 703, 1520, 25, 69, 304, 124, 17557, 3959, 25227, 31, 25695, 57632, 1, 185, 12, 1625, 48422, 124, 17557, 3959, 25227, 31, 25695, 57632, 1, 185, 12, 1080, 842, 12, 11401, 742, 30177, 12, 414, 703, 25, 155, 7487, 30177, 12, 414, 196, 1896, 16455, 48422, 44876, 82, 48422, 603, 626, 8978, 780, 12, 414, 28, 30177, 12, 414, 196, 4624, 357, 30177, 12, 414, 4571, 30177, 12, 414, 960, 15546, 30177, 12, 414, 185, 43, 41, 18, 30177, 12, 414, 703, 1520, 25, 69, 257, 50, 30177, 12, 414, 31, 13055, 111, 3735, 57, 30177, 12, 414, 703, 25, 155, 6871, 125, 9250, 198, 12, 414, 26, 294, 0],[1, 1, 1, 1, 1, 1, 1, 1, 1, 1, 1, 1, 1, 1, 1, 1, 1, 1, 1, 1, 1, 1, 1, 1, 1, 1, 1, 1, 1, 1, 1, 1, 1, 1, 1, 1, 1, 1, 1, 1, 1, 1, 1, 1, 1, 1, 1, 1, 1, 1, 1, 1, 1, 1, 1, 1, 1, 1, 1, 1, 1, 1, 1, 1, 1, 1, 1, 1, 1, 1, 1, 1, 1, 1, 1, 1, 1, 1, 1, 1, 1, 1, 1, 1, 1, 1, 1, 1, 1, 1, 1, 1, 1, 1, 1, 1, 1, 1, 1, 1, 1, 1, 1, 1, 1, 1, 1, 1, 1, 1, 1, 1, 1, 1, 1, 1, 1, 1, 1, 1, 1, 1, 1, 1, 1, 1, 1, 1, 1, 1, 1, 1, 1, 1, 1, 1, 1, 1, 1, 1, 1, 1, 1, 1, 1, 1, 1, 1, 1, 1, 1, 1, 1, 1, 1, 1, 1, 1, 1, 1, 1, 1, 1, 1, 1, 1, 1, 1, 1, 1, 1, 1, 1, 1, 1, 1, 1, 1, 1, 1, 1, 1, 1, 1, 1, 1, 1, 1, 1, 1, 1, 1, 1, 1, 1, 1, 1, 1, 1, 1, 1, 1, 1, 1, 1, 1, 1, 1, 1]
[3294, 12098, 16, 8918, 17557, 3959, 0],[1, 1, 1, 1, 1, 1, 1]
[185, 103, 703, 436, 12, 9822, 18, 0],[1, 1, 1, 1, 1, 1, 1, 1]
[367, 24, 8, 12027, 5805, 1862, 18, 0],[1, 1, 1, 1, 1, 1, 1, 1]
[75, 41, 1336, 139, 8, 198, 12, 8, 2456, 9729, 18, 0],[1, 1, 1, 1, 1, 1, 1, 1, 1, 1, 1, 1]
[43, 52, 38, 8, 516, 2765, 26, 31, 6483, 6733, 18, 0],[1, 1, 1, 1, 1, 1, 1, 1, 1, 1, 1, 1]
[75, 41, 578, 139, 38, 8, 6644, 3, 1727, 18, 0],[1, 1, 1, 1, 1, 1, 1, 1, 1, 1, 1]
[703, 25, 155, 2224, 26, 73, 1952, 4, 0],[1, 1, 1, 1, 1, 1, 1, 1, 1]
[185, 103, 703, 419, 25695, 57632, 1, 18, 0],[1, 1, 1, 1, 1, 1, 1, 1, 1]
[11969, 139, 3, 185, 75, 703, 481, 12, 31, 25695, 57632, 1, 18, 0],[1, 1, 1, 1, 1, 1, 1, 1, 1, 1, 1, 1, 1, 1]
[103, 1515, 41, 51, 2, 6644, 18, 0],[1, 1, 1, 1, 1, 1, 1, 1]
[43, 41, 61, 832, 1204, 18, 0],[1, 1, 1, 1, 1, 1, 1]
[367, 24, 31, 25695, 57632, 1, 18, 0],[1, 1, 1, 1, 1, 1, 1, 1]
[189, 8, 884, 198, 12, 31, 25695, 57632, 1, 18, 0],[1, 1, 1, 1, 1, 1, 1, 1, 1, 1, 1]
[21690, 139, 3, 703, 25, 155, 1335, 3, 185, 103, 703, 436, 12, 31, 25695, 57632, 1, 18, 0],[1, 1, 1, 1, 1, 1, 1, 1, 1, 1, 1, 1, 1, 1, 1, 1, 1, 1, 1]
[703, 25, 155, 2224, 26, 31, 25695, 57632, 1, 0],[1, 1, 1, 1, 1, 1, 1, 1, 1, 1]
[201, 41, 3532, 139, 12, 31, 25695, 57632, 1, 18, 0],[1, 1, 1, 1, 1, 1, 1, 1, 1, 1, 1]
[129, 703, 1080, 26, 141, 195, 18, 0],[1, 1, 1, 1, 1, 1, 1, 1]
[703, 284, 12, 436, 12, 31, 25695, 57632, 1, 18, 0],[1, 1, 1, 1, 1, 1, 1, 1, 1, 1, 1]
[185, 75, 52, 436, 12, 720, 7212, 18, 0],[1, 1, 1, 1, 1, 1, 1, 1, 1]
[24, 50, 838, 18, 0],[1, 1, 1, 1, 1]
[11969, 139, 3, 201, 41, 1336, 139, 185, 12, 436, 12, 8, 3241, 5433, 18, 0],[1, 1, 1, 1, 1, 1, 1, 1, 1, 1, 1, 1, 1, 1, 1, 1]
[1119, 12098, 16, 8918, 17557, 3959, 0],[1, 1, 1, 1, 1, 1, 1]
[481, 163, 25695, 57632, 1, 0],[1, 1, 1, 1, 1, 1]
[50, 25, 19, 38, 8, 10387, 0],[1, 1, 1, 1, 1, 1, 1]
[481, 4768, 2814, 0],[1, 1, 1, 1]
[4930, 25695, 57632, 1, 0],[1, 1, 1, 1, 1]
[481, 902, 25695, 57632, 1, 0],[1, 1, 1, 1, 1, 1]
[1137, 763, 0],[1, 1, 1]
[1137, 516, 0],[1, 1, 1]
[1137, 763, 186, 31, 25695, 57632, 1, 4482, 0],[1, 1, 1, 1, 1, 1, 1, 1, 1]
[50, 25, 19, 16, 8, 4637, 10, 8, 9701, 0],[1, 1, 1, 1, 1, 1, 1, 1, 1, 1]
[41, 59, 3438, 2, 558, 38092, 2971, 36415, 1986, 4257, 53887, 38, 99, 763, 0],[1, 1, 1, 1, 1, 1, 1, 1, 1, 1, 1, 1, 1, 1, 1]
[309, 73, 2765, 0],[1, 1, 1, 1]
[1137, 516, 88, 8, 41029, 0],[1, 1, 1, 1, 1, 1]
[50, 25, 19, 38, 99, 763, 0],[1, 1, 1, 1, 1, 1, 1]
[50, 25, 19, 38, 99, 516, 0],[1, 1, 1, 1, 1, 1, 1]
[50, 25, 19, 120, 1448, 20051, 61, 1204, 0],[1, 1, 1, 1, 1, 1, 1, 1, 1]
[309, 8, 223, 2765, 38, 8, 516, 0],[1, 1, 1, 1, 1, 1, 1, 1]
[309, 8, 1256, 2765, 38, 8, 763, 0],[1, 1, 1, 1, 1, 1, 1, 1]
[50, 25, 19, 915, 12, 25695, 57632, 1, 0],[1, 1, 1, 1, 1, 1, 1, 1, 1]
0,1
0,1
0,1
0,1
0,1
0,1
[780, 12, 414, 28, 16, 8918, 17557, 3959, 0],[1, 1, 1, 1, 1, 1, 1, 1, 1]
[111, 796, 219, 4571, 3, 131, 111, 363, 414, 28, 4, 0],[1, 1, 1, 1, 1, 1, 1, 1, 1, 1, 1, 1]
[28, 2155, 0],[1, 1, 1]
[14012, 349, 128, 4, 0],[1, 1, 1, 1, 1]
[703, 536, 46, 6790, 1531, 1915, 88, 73, 128, 4, 0],[1, 1, 1, 1, 1, 1, 1, 1, 1, 1, 1]
[52, 2082, 8, 1846, 3, 131, 31, 25695, 57632, 1, 0],[1, 1, 1, 1, 1, 1, 1, 1, 1, 1, 1]
[703, 25, 155, 46, 681, 186, 50, 3, 131, 4980, 26, 3294, 57, 0],[1, 1, 1, 1, 1, 1, 1, 1, 1, 1, 1, 1, 1, 1]
[703, 25, 241, 1373, 46, 3, 4980, 4, 0],[1, 1, 1, 1, 1, 1, 1, 1, 1]
[31, 42302, 0],[1, 1, 1]
[20, 25, 19, 46, 1001, 12, 202, 26, 139, 4, 0],[1, 1, 1, 1, 1, 1, 1, 1, 1, 1, 1]
[6955, 5607, 3, 131, 703, 25, 155, 46, 1649, 4, 0],[1, 1, 1, 1, 1, 1, 1, 1, 1, 1, 1]
[703, 543, 12, 3, 131, 703, 25, 155, 4146, 12, 4, 0],[1, 1, 1, 1, 1, 1, 1, 1, 1, 1, 1, 1]
[703, 277, 1520, 25, 69, 51, 20, 12, 398, 516, 295, 4, 0],[1, 1, 1, 1, 1, 1, 1, 1, 1, 1, 1, 1, 1]
[703, 25, 155, 46, 631, 12, 6615, 12, 20, 516, 295, 4, 0],[1, 1, 1, 1, 1, 1, 1, 1, 1, 1, 1, 1, 1]
[50, 24, 46, 2, 196, 2365, 26, 139, 4, 0],[1, 1, 1, 1, 1, 1, 1, 1, 1, 1]
[48422, 3, 131, 703, 75, 25, 69, 229, 50, 4, 0],[1, 1, 1, 1, 1, 1, 1, 1, 1, 1, 1]
[780, 12, 414, 703, 8027, 41, 0],[1, 1, 1, 1, 1, 1, 1]
[41, 904, 907, 12, 111, 137, 4, 0],[1, 1, 1, 1, 1, 1, 1, 1]
[96, 703, 103, 24, 721, 10, 41, 4, 0],[1, 1, 1, 1, 1, 1, 1, 1, 1]
[703, 235, 254, 832, 41, 4, 0],[1, 1, 1, 1, 1, 1, 1]
[703, 25, 155, 56300, 167, 34, 41, 4, 0],[1, 1, 1, 1, 1, 1, 1, 1, 1]
[41, 14114, 111, 643, 4, 0],[1, 1, 1, 1, 1, 1]
[703, 2082, 41, 4, 0],[1, 1, 1, 1, 1]
[703, 422, 4865, 565, 41, 4, 0],[1, 1, 1, 1, 1, 1, 1]
[41, 24255, 139, 4, 0],[1, 1, 1, 1, 1]
[41, 43, 111, 786, 26, 614, 4, 0],[1, 1, 1, 1, 1, 1, 1, 1]
[41, 17063, 111, 2014, 4, 0],[1, 1, 1, 1, 1, 1]
[703, 8027, 99, 12315, 4, 0],[1, 1, 1, 1, 1, 1]
[703, 50254, 41, 4, 0],[1, 1, 1, 1, 1]
[41, 25, 626, 1650, 12, 139, 4, 0],[1, 1, 1, 1, 1, 1, 1, 1]
[41, 25, 626, 8, 921, 10, 111, 137, 4, 0],[1, 1, 1, 1, 1, 1, 1, 1, 1, 1]
[703, 25, 155, 1509, 240, 34260, 26, 41, 4, 0],[1, 1, 1, 1, 1, 1, 1, 1, 1, 1]
[703, 543, 2, 8234, 34, 41, 4, 1329, 3846, 10163, 12207, 19, 0],[1, 1, 1, 1, 1, 1, 1, 1, 1, 1, 1, 1, 1]
0,1
0,1
[25227, 26, 10157, 88, 2, 9729, 0],[1, 1, 1, 1, 1, 1, 1]
[103, 41, 51, 2, 29052, 18, 0],[1, 1, 1, 1, 1, 1, 1]
[103, 41, 284, 195, 34, 99, 14238, 18, 0],[1, 1, 1, 1, 1, 1, 1, 1, 1]
[24, 170, 1531, 1915, 52, 75, 195, 41, 34, 18, 0],[1, 1, 1, 1, 1, 1, 1, 1, 1, 1, 1]
[185, 154, 11046, 43, 34, 41, 18, 0],[1, 1, 1, 1, 1, 1, 1, 1]
[99, 2192, 24, 38, 8, 1256, 4912, 4, 0],[1, 1, 1, 1, 1, 1, 1, 1, 1]
[3292, 41, 26, 10157, 34, 97, 57, 0],[1, 1, 1, 1, 1, 1, 1, 1]
[703, 25, 241, 257, 12, 390, 2, 2192, 3, 1727, 4, 0],[1, 1, 1, 1, 1, 1, 1, 1, 1, 1, 1, 1]
[52, 681, 2247, 87, 2073, 4, 0],[1, 1, 1, 1, 1, 1, 1]
[8, 2192, 24, 462, 23935, 4, 0],[1, 1, 1, 1, 1, 1, 1]
[75, 703, 272, 8, 2192, 3, 1727, 18, 0],[1, 1, 1, 1, 1, 1, 1, 1, 1]
[1727, 2038, 99, 399, 1204, 4, 0],[1, 1, 1, 1, 1, 1, 1]
[134, 5011, 31027, 19, 43, 1649, 88, 8, 2660, 19706, 4, 0],[1, 1, 1, 1, 1, 1, 1, 1, 1, 1, 1, 1]
[703, 25, 241, 257, 2, 1673, 2192, 3, 1727, 4, 0],[1, 1, 1, 1, 1, 1, 1, 1, 1, 1, 1]
[75, 842, 195, 139, 34, 111, 14238, 18, 0],[1, 1, 1, 1, 1, 1, 1, 1, 1]
[126, 703, 75, 5553, 27839, 521, 18, 0],[1, 1, 1, 1, 1, 1, 1, 1]
[103, 41, 284, 2, 11197, 27839, 3165, 1339, 18, 0],[1, 1, 1, 1, 1, 1, 1, 1, 1, 1]
[780, 12, 414, 26, 294, 0],[1, 1, 1, 1, 1, 1]
[26, 1907, 0],[1, 1, 1]
[4555, 230, 0],[1, 1, 1]
[4083, 0],[1, 1]
[3396, 289, 0],[1, 1, 1]
[39, 65, 294, 254, 25695, 57632, 1, 0],[1, 1, 1, 1, 1, 1, 1, 1]
[16, 2986, 0],[1, 1, 1]
[580, 25, 19, 414, 25695, 57632, 1, 0],[1, 1, 1, 1, 1, 1, 1, 1]
[73, 3145, 0],[1, 1, 1]
[39, 1125, 16, 25695, 57632, 1, 0],[1, 1, 1, 1, 1, 1, 1]
[2687, 4, 1513, 4, 0],[1, 1, 1, 1, 1]
[90, 294, 24, 25695, 57632, 1, 0],[1, 1, 1, 1, 1, 1, 1]
[159, 39, 0],[1, 1, 1]
[16, 2093, 12, 0],[1, 1, 1, 1]
[55, 198, 10, 3390, 0],[1, 1, 1, 1, 1]
[16, 2, 1286, 1047, 0],[1, 1, 1, 1, 1]
[959, 0],[1, 1]
[190, 41, 774, 88, 25695, 57632, 1, 0],[1, 1, 1, 1, 1, 1, 1, 1]
[1959, 2064, 25695, 57632, 1, 0],[1, 1, 1, 1, 1, 1]
[39, 2, 1047, 16, 1048, 25695, 57632, 1, 0],[1, 1, 1, 1, 1, 1, 1, 1, 1]
[65, 294, 254, 25695, 57632, 1, 0],[1, 1, 1, 1, 1, 1, 1]
[73, 75, 36, 1125, 126, 0],[1, 1, 1, 1, 1, 1]
[193, 2064, 25695, 57632, 1, 0],[1, 1, 1, 1, 1, 1]
[39, 65, 294, 0],[1, 1, 1, 1]
[2692, 0],[1, 1]
[257, 0],[1, 1]
[8918, 17557, 3959, 17397, 25227, 0],[1, 1, 1, 1, 1, 1]
[75, 41, 195, 139, 3, 1727, 18, 0],[1, 1, 1, 1, 1, 1, 1, 1]
[75, 703, 481, 153, 18, 0],[1, 1, 1, 1, 1, 1]
[75, 703, 1062, 8, 1148, 18, 0],[1, 1, 1, 1, 1, 1, 1]
[75, 703, 16597, 717, 8, 10528, 18, 0],[1, 1, 1, 1, 1, 1, 1, 1]
[2679, 3, 1727, 75, 41, 11401, 804, 18, 0],[1, 1, 1, 1, 1, 1, 1, 1, 1]
[75, 703, 1547, 8, 8744, 18, 0],[1, 1, 1, 1, 1, 1, 1]
[75, 52, 18246, 87, 212, 295, 18, 0],[1, 1, 1, 1, 1, 1, 1, 1]
[102, 176, 43, 52, 38, 18, 0],[1, 1, 1, 1, 1, 1, 1]
[703, 536, 2409, 4, 0],[1, 1, 1, 1, 1]
[129, 703, 1914, 50, 18, 0],[1, 1, 1, 1, 1, 1]
[102, 24, 8, 9658, 18, 0],[1, 1, 1, 1, 1, 1]
[103, 52, 51, 12, 1857, 73, 470, 18, 0],[1, 1, 1, 1, 1, 1, 1, 1, 1]
[9854, 3, 26, 254, 2718, 4, 0],[1, 1, 1, 1, 1, 1, 1]
[129, 703, 1547, 144, 978, 8, 8744, 18, 0],[1, 1, 1, 1, 1, 1, 1, 1, 1]
[75, 703, 481, 12, 8, 7140, 18, 0],[1, 1, 1, 1, 1, 1, 1, 1]
[75, 703, 324, 16, 18, 0],[1, 1, 1, 1, 1, 1]
[75, 703, 9632, 163, 8, 3960, 19, 18, 0],[1, 1, 1, 1, 1, 1, 1, 1, 1]
[75, 703, 9632, 18101, 8, 3960, 19, 18, 0],[1, 1, 1, 1, 1, 1, 1, 1, 1]
[129, 703, 3347, 8, 1788, 57694, 43842, 18, 0],[1, 1, 1, 1, 1, 1, 1, 1, 1]
[75, 41, 2577, 50, 1186, 134, 3, 1727, 18, 0],[1, 1, 1, 1, 1, 1, 1, 1, 1, 1]
[129, 703, 481, 153, 1727, 18, 0],[1, 1, 1, 1, 1, 1, 1]
[24, 73, 516, 18, 0],[1, 1, 1, 1, 1]
[24, 73, 3628, 18, 0],[1, 1, 1, 1, 1]
[703, 536, 9854, 4, 0],[1, 1, 1, 1, 1]
[703, 142, 46, 1696, 4, 0],[1, 1, 1, 1, 1, 1]
[75, 41, 1170, 35801, 3, 1727, 18, 0],[1, 1, 1, 1, 1, 1, 1, 1]
[189, 390, 18, 0],[1, 1, 1, 1]
[75, 41, 2577, 20, 804, 18, 0],[1, 1, 1, 1, 1, 1, 1]
[2006, 2305, 24, 8, 40119, 18, 0],[1, 1, 1, 1, 1, 1, 1]
[126, 24, 8, 9658, 26, 18, 0],[1, 1, 1, 1, 1, 1, 1]
[703, 51, 887, 73, 4, 0],[1, 1, 1, 1, 1, 1]
[75, 703, 481, 12, 8, 18368, 18, 0],[1, 1, 1, 1, 1, 1, 1, 1]
[780, 12, 414, 50992, 0],[1, 1, 1, 1, 1]
[196, 12, 272, 41, 0],[1, 1, 1, 1, 1]
[58, 287, 3, 14472, 468, 0],[1, 1, 1, 1, 1, 1]
[196, 3064, 0],[1, 1, 1]
[196, 1896, 0],[1, 1, 1]
[50992, 0],[1, 1]
[58, 287, 0],[1, 1, 1]
[185, 43, 41, 2198, 418, 18, 0],[1, 1, 1, 1, 1, 1, 1]
[14472, 106, 5989, 3986, 0],[1, 1, 1, 1, 1]
[185, 241, 287, 18, 0],[1, 1, 1, 1, 1]
[185, 43, 212, 18, 0],[1, 1, 1, 1, 1]
[102, 51, 41, 145, 163, 12, 18, 0],[1, 1, 1, 1, 1, 1, 1, 1]
[774, 102, 8, 12127, 20251, 16, 57, 0],[1, 1, 1, 1, 1, 1, 1, 1]
[50, 24, 11849, 12, 1934, 41, 0],[1, 1, 1, 1, 1, 1, 1]
[102, 25, 19, 1001, 38, 18, 0],[1, 1, 1, 1, 1, 1, 1]
[196, 6121, 4, 0],[1, 1, 1, 1]
[185, 51, 41, 145, 18, 0],[1, 1, 1, 1, 1, 1]
[102, 25, 19, 163, 18, 0],[1, 1, 1, 1, 1, 1]
[16186, 0],[1, 1]
[2073, 3571, 0],[1, 1, 1]
[3617, 0],[1, 1]
[25227, 16, 8597, 0],[1, 1, 1, 1]
[103, 41, 51, 2, 6759, 3264, 18, 0],[1, 1, 1, 1, 1, 1, 1, 1]
[367, 24, 8, 6130, 2192, 18, 0],[1, 1, 1, 1, 1, 1, 1]
[103, 41, 304, 367, 1915, 703, 201, 1192, 18, 0],[1, 1, 1, 1, 1, 1, 1, 1, 1, 1]
[103, 41, 51, 73, 10148, 16, 9037, 18, 0],[1, 1, 1, 1, 1, 1, 1, 1, 1]
[103, 41, 1846, 2, 13019, 42014, 18, 0],[1, 1, 1, 1, 1, 1, 1, 1]
[103, 41, 51, 319, 15778, 21876, 18, 0],[1, 1, 1, 1, 1, 1, 1, 1]
[103, 41, 51, 2, 1691, 38974, 241, 8695, 18, 0],[1, 1, 1, 1, 1, 1, 1, 1, 1, 1]
[185, 318, 24, 73, 18, 0],[1, 1, 1, 1, 1, 1]
[103, 41, 51, 2, 13162, 3264, 18, 0],[1, 1, 1, 1, 1, 1, 1, 1]
[103, 41, 7016, 19634, 9168, 18, 0],[1, 1, 1, 1, 1, 1, 1]
[201, 41, 195, 139, 1727, 18, 0],[1, 1, 1, 1, 1, 1, 1]
[367, 75, 703, 3148, 111, 51681, 18, 0],[1, 1, 1, 1, 1, 1, 1, 1]
[206, 50, 324, 34, 2, 9025, 57694, 8781, 21293, 287, 18, 0],[1, 1, 1, 1, 1, 1, 1, 1, 1, 1, 1, 1]
[703, 25, 155, 2224, 26, 2, 15634, 700, 175, 927, 4, 0],[1, 1, 1, 1, 1, 1, 1, 1, 1, 1, 1, 1]
[123, 41, 51, 73, 16, 349, 3637, 18, 0],[1, 1, 1, 1, 1, 1, 1, 1, 1]
[103, 41, 51, 742, 1296, 4735, 287, 64, 5069, 6120, 19, 2904, 92, 18, 0],[1, 1, 1, 1, 1, 1, 1, 1, 1, 1, 1, 1, 1, 1, 1]
[367, 24, 8, 7821, 2192, 18, 0],[1, 1, 1, 1, 1, 1, 1]
[780, 12, 414, 196, 22432, 0],[1, 1, 1, 1, 1, 1]
[41, 25, 1958, 103, 424, 4, 0],[1, 1, 1, 1, 1, 1, 1]
[24597, 110, 1131, 57, 0],[1, 1, 1, 1, 1]
[41, 43, 1001, 12, 36, 6154, 57, 0],[1, 1, 1, 1, 1, 1, 1, 1]
[3607, 2155, 167, 0],[1, 1, 1, 1]
[34031, 41, 96, 8, 884, 57, 0],[1, 1, 1, 1, 1, 1, 1]
[703, 3736, 41, 22432, 57, 0],[1, 1, 1, 1, 1, 1]
[884, 9317, 4, 0],[1, 1, 1, 1]
[703, 622, 212, 59, 1137, 153, 1052, 4, 4, 0],[1, 1, 1, 1, 1, 1, 1, 1, 1, 1]
[9230, 110, 482, 57, 0],[1, 1, 1, 1, 1]
[41, 25, 1958, 103, 424, 57, 0],[1, 1, 1, 1, 1, 1, 1]
[34031, 41, 15356, 10, 22432, 57, 0],[1, 1, 1, 1, 1, 1, 1]
[12016, 14114, 57, 0],[1, 1, 1, 1]
[34031, 41, 2, 2236, 10, 22432, 57, 0],[1, 1, 1, 1, 1, 1, 1, 1]
[41, 85, 249, 26, 73, 57, 0],[1, 1, 1, 1, 1, 1, 1]
[703, 622, 212, 59, 202, 153, 96, 516, 4, 0],[1, 1, 1, 1, 1, 1, 1, 1, 1, 1]
[129, 8, 1853, 36, 34, 41, 4, 1329, 3846, 10163, 12207, 19, 0],[1, 1, 1, 1, 1, 1, 1, 1, 1, 1, 1, 1, 1]
0,1
0,1
[780, 12, 414, 196, 1824, 0],[1, 1, 1, 1, 1, 1]
[318, 802, 57, 0],[1, 1, 1, 1]
[41, 1402, 142, 289, 418, 4, 0],[1, 1, 1, 1, 1, 1, 1]
[20, 1092, 10, 202, 1126, 139, 960, 4, 0],[1, 1, 1, 1, 1, 1, 1, 1, 1]
[198, 12, 481, 4, 0],[1, 1, 1, 1, 1]
[20, 25, 19, 50, 4, 0],[1, 1, 1, 1, 1, 1]
[4617, 57, 0],[1, 1, 1]
[7875, 57, 0],[1, 1, 1]
[8367, 57, 0],[1, 1, 1]
[35362, 57, 0],[1, 1, 1]
[5041, 57, 0],[1, 1, 1]
[10685, 27839, 3166, 4257, 57, 0],[1, 1, 1, 1, 1, 1]
[153, 10, 2931, 4, 0],[1, 1, 1, 1, 1]
[295, 20, 25, 19, 102, 703, 1339, 2, 1052, 1824, 4, 0],[1, 1, 1, 1, 1, 1, 1, 1, 1, 1, 1, 1]
[201, 106, 25, 69, 51, 887, 50, 802, 1726, 4, 0],[1, 1, 1, 1, 1, 1, 1, 1, 1, 1, 1]
[514, 1652, 38, 50, 70, 41, 25, 626, 14477, 4, 0],[1, 1, 1, 1, 1, 1, 1, 1, 1, 1, 1]
[50, 25, 19, 159, 2, 3793, 12, 1432, 126, 0],[1, 1, 1, 1, 1, 1, 1, 1, 1, 1]
[41, 202, 257, 20, 57, 0],[1, 1, 1, 1, 1, 1]
[703, 721, 41, 25, 626, 699, 8, 516, 1197, 4, 0],[1, 1, 1, 1, 1, 1, 1, 1, 1, 1, 1]
[55863, 57, 0],[1, 1, 1]
[780, 12, 414, 703, 3082, 0],[1, 1, 1, 1, 1, 1]
[703, 272, 102, 41, 1111, 25695, 57632, 1, 0],[1, 1, 1, 1, 1, 1, 1, 1, 1]
[138, 103, 703, 4, 0],[1, 1, 1, 1, 1]
[703, 29712, 20, 198, 462, 4, 0],[1, 1, 1, 1, 1, 1, 1]
[11921, 4, 0],[1, 1, 1]
[703, 3082, 34, 41, 4, 0],[1, 1, 1, 1, 1, 1]
[31, 287, 3165, 0],[1, 1, 1, 1]
[36766, 948, 0],[1, 1, 1]
[10139, 57, 0],[1, 1, 1]
[41, 25, 626, 10139, 516, 4, 0],[1, 1, 1, 1, 1, 1, 1]
[4462, 57, 0],[1, 1, 1]
[52, 43, 10, 90, 643, 4, 0],[1, 1, 1, 1, 1, 1, 1]
[41, 75, 414, 20, 804, 4, 0],[1, 1, 1, 1, 1, 1, 1]
[703, 201, 46, 3082, 34, 41, 134, 111, 1450, 4, 0],[1, 1, 1, 1, 1, 1, 1, 1, 1, 1, 1]
[41, 25, 1375, 5783, 8, 22446, 38, 8, 1509, 4, 0],[1, 1, 1, 1, 1, 1, 1, 1, 1, 1, 1]
[41, 1455, 50, 6864, 1357, 4, 0],[1, 1, 1, 1, 1, 1, 1]
[87, 2014, 43, 10139, 10267, 4, 0],[1, 1, 1, 1, 1, 1, 1]
[41, 43, 138, 516, 4, 0],[1, 1, 1, 1, 1, 1]
[780, 12, 414, 703, 25, 155, 9854, 0],[1, 1, 1, 1, 1, 1, 1, 1]
[703, 208, 106, 25, 69, 51, 25695, 57632, 1, 0],[1, 1, 1, 1, 1, 1, 1, 1, 1, 1]
[11969, 139, 26, 25695, 57632, 1, 0],[1, 1, 1, 1, 1, 1, 1]
[50, 25, 19, 96, 111, 7663, 4, 0],[1, 1, 1, 1, 1, 1, 1, 1]
[1727, 3, 1625, 111, 48422, 26, 25695, 57632, 1, 0],[1, 1, 1, 1, 1, 1, 1, 1, 1, 1]
[703, 16624, 26, 25695, 57632, 1, 0],[1, 1, 1, 1, 1, 1, 1]
[1727, 3, 3739, 139, 26, 111, 25695, 57632, 1, 0],[1, 1, 1, 1, 1, 1, 1, 1, 1, 1]
[703, 292, 16624, 26, 25695, 57632, 1, 0],[1, 1, 1, 1, 1, 1, 1, 1]
[821, 138, 138, 1903, 0],[1, 1, 1, 1, 1]
[20, 25, 19, 111, 7663, 4, 0],[1, 1, 1, 1, 1, 1, 1]
[1727, 1520, 25, 69, 36, 19937, 88, 139, 4, 0],[1, 1, 1, 1, 1, 1, 1, 1, 1, 1]
[185, 10364, 29835, 10, 139, 4, 0],[1, 1, 1, 1, 1, 1, 1]
[1727, 3, 1625, 111, 48422, 26, 25695, 57632, 1, 0],[1, 1, 1, 1, 1, 1, 1, 1, 1, 1]
[703, 25, 155, 681, 9100, 10, 102, 703, 142, 4, 0],[1, 1, 1, 1, 1, 1, 1, 1, 1, 1, 1]
[703, 25, 155, 681, 9854, 120, 102, 703, 194, 4, 0],[1, 1, 1, 1, 1, 1, 1, 1, 1, 1, 1]
[20, 33, 20885, 10, 139, 4, 0],[1, 1, 1, 1, 1, 1, 1]
[703, 25, 155, 9854, 4, 0],[1, 1, 1, 1, 1, 1]
[703, 622, 41, 25, 1958, 3739, 139, 26, 25695, 57632, 1, 0],[1, 1, 1, 1, 1, 1, 1, 1, 1, 1, 1, 1]
[703, 103, 16624, 26, 25695, 57632, 1, 0],[1, 1, 1, 1, 1, 1, 1, 1]
[780, 12, 414, 196, 1124, 0],[1, 1, 1, 1, 1, 1]
[2374, 34, 2176, 0],[1, 1, 1, 1]
[2374, 17354, 3, 1520, 25, 69, 580, 8, 4005, 38223, 19593, 0],[1, 1, 1, 1, 1, 1, 1, 1, 1, 1, 1, 1]
[580, 25, 19, 1914, 21346, 8, 1589, 19, 0],[1, 1, 1, 1, 1, 1, 1, 1, 1]
[11162, 24, 46, 1025, 1449, 4, 0],[1, 1, 1, 1, 1, 1, 1]
[580, 19, 3447, 4, 0],[1, 1, 1, 1, 1]
[128, 12, 5469, 0],[1, 1, 1, 1]
[1124, 1124, 0],[1, 1, 1]
[17, 1327, 27839, 106, 4752, 0],[1, 1, 1, 1, 1, 1]
[51, 2, 196, 2374, 0],[1, 1, 1, 1, 1]
[5469, 10, 139, 0],[1, 1, 1, 1]
[912, 11162, 0],[1, 1, 1]
[1796, 128, 26, 21920, 0],[1, 1, 1, 1, 1]
[1520, 25, 69, 580, 8, 4005, 38223, 19593, 57, 0],[1, 1, 1, 1, 1, 1, 1, 1, 1, 1]
[703, 25, 1958, 272, 41, 16, 5469, 3313, 0],[1, 1, 1, 1, 1, 1, 1, 1, 1]
[51, 1451, 10986, 0],[1, 1, 1, 1]
[780, 12, 414, 703, 235, 41, 0],[1, 1, 1, 1, 1, 1, 1]
[703, 1182, 41, 4, 0],[1, 1, 1, 1, 1]
[41, 43, 111, 786, 26, 614, 4, 0],[1, 1, 1, 1, 1, 1, 1, 1]
[41, 43, 2232, 4, 0],[1, 1, 1, 1, 1]
[41, 1981, 139, 4, 0],[1, 1, 1, 1, 1]
[41, 25, 626, 8, 235, 10, 111, 137, 4, 0],[1, 1, 1, 1, 1, 1, 1, 1, 1, 1]
[703, 75, 25, 69, 1925, 1312, 120, 41, 4, 0],[1, 1, 1, 1, 1, 1, 1, 1, 1, 1]
[703, 1335, 111, 363, 38, 41, 4, 0],[1, 1, 1, 1, 1, 1, 1, 1]
[41, 24255, 139, 4, 0],[1, 1, 1, 1, 1]
[703, 624, 41, 4, 0],[1, 1, 1, 1, 1]
[41, 43, 111, 1650, 4, 0],[1, 1, 1, 1, 1, 1]
[703, 284, 41, 4, 0],[1, 1, 1, 1, 1]
[703, 5469, 69, 120, 41, 795, 1124, 4, 0],[1, 1, 1, 1, 1, 1, 1, 1, 1]
[41, 904, 1391, 12, 3062, 230, 533, 4, 0],[1, 1, 1, 1, 1, 1, 1, 1, 1]
[703, 25, 1375, 1455, 41, 485, 111, 3344, 4, 0],[1, 1, 1, 1, 1, 1, 1, 1, 1, 1]
[41, 43, 8, 786, 703, 25, 155, 2593, 4, 0],[1, 1, 1, 1, 1, 1, 1, 1, 1, 1]
[41, 43, 111, 5181, 4, 0],[1, 1, 1, 1, 1, 1]
[703, 25, 155, 30255, 26, 41, 4, 0],[1, 1, 1, 1, 1, 1, 1, 1]
[703, 25, 155, 3345, 120, 41, 4, 0],[1, 1, 1, 1, 1, 1, 1, 1]
[41, 25, 626, 96, 703, 272, 4, 0],[1, 1, 1, 1, 1, 1, 1, 1]
[703, 543, 41, 4, 0],[1, 1, 1, 1, 1]
[41, 43, 111, 786, 26, 614, 4, 0],[1, 1, 1, 1, 1, 1, 1, 1]
[703, 1335, 111, 363, 38, 41, 4, 0],[1, 1, 1, 1, 1, 1, 1, 1]
[41, 1981, 139, 4, 0],[1, 1, 1, 1, 1]
[780, 12, 414, 246, 0],[1, 1, 1, 1, 1]
[295, 20, 0],[1, 1, 1]
[38, 8, 9705, 20, 0],[1, 1, 1, 1, 1]
[240, 0],[1, 1]
[34749, 12, 0],[1, 1, 1]
[3089, 0],[1, 1]
[39, 212, 481, 0],[1, 1, 1, 1]
[254, 0],[1, 1]
[55, 926, 10, 0],[1, 1, 1, 1]
[55, 786, 10, 0],[1, 1, 1, 1]
[55, 8910, 10, 0],[1, 1, 1, 1]
[5176, 0],[1, 1]
[732, 0],[1, 1]
[4980, 12, 0],[1, 1, 1]
[337, 0],[1, 1]
[6705, 0],[1, 1]
[26, 8, 786, 20, 0],[1, 1, 1, 1, 1]
[26, 8, 5938, 10, 0],[1, 1, 1, 1, 1]
[16, 39, 318, 39, 0],[1, 1, 1, 1, 1]
[16, 3201, 10, 0],[1, 1, 1, 1]
[16, 20, 0],[1, 1, 1]
[16, 8, 1350, 10, 0],[1, 1, 1, 1, 1]
[780, 12, 414, 703, 1520, 25, 69, 304, 0],[1, 1, 1, 1, 1, 1, 1, 1, 1]
[20, 3237, 2, 8569, 134, 2522, 223, 4, 0],[1, 1, 1, 1, 1, 1, 1, 1, 1]
[6404, 19, 139, 4, 0],[1, 1, 1, 1, 1]
[703, 1520, 25, 69, 304, 1531, 120, 31, 25695, 57632, 1, 0],[1, 1, 1, 1, 1, 1, 1, 1, 1, 1, 1, 1]
[703, 25, 155, 1001, 12, 16269, 20, 1324, 4, 0],[1, 1, 1, 1, 1, 1, 1, 1, 1, 1]
[50, 25, 19, 2274, 139, 4, 0],[1, 1, 1, 1, 1, 1, 1]
[50, 25, 19, 2, 10393, 12, 139, 4, 0],[1, 1, 1, 1, 1, 1, 1, 1, 1]
[20, 25, 19, 2, 196, 1148, 3, 131, 703, 1520, 25, 69, 304, 4, 0],[1, 1, 1, 1, 1, 1, 1, 1, 1, 1, 1, 1, 1, 1, 1]
[703, 25, 155, 46, 8, 884, 395, 12, 1062, 20, 4, 0],[1, 1, 1, 1, 1, 1, 1, 1, 1, 1, 1, 1]
[20, 25, 19, 2, 196, 1148, 3, 703, 25, 810, 810, 5553, 73, 4, 0],[1, 1, 1, 1, 1, 1, 1, 1, 1, 1, 1, 1, 1, 1, 1]
[703, 25, 155, 4439, 4, 0],[1, 1, 1, 1, 1, 1]
[703, 25, 1375, 28, 2365, 4, 0],[1, 1, 1, 1, 1, 1, 1]
[703, 75, 25, 69, 1725, 717, 8, 3286, 10, 111, 1509, 4, 0],[1, 1, 1, 1, 1, 1, 1, 1, 1, 1, 1, 1, 1]
[703, 1520, 25, 69, 51, 319, 979, 120, 20, 4, 0],[1, 1, 1, 1, 1, 1, 1, 1, 1, 1, 1]
[20, 25, 19, 4462, 102, 703, 25, 155, 2596, 12, 1062, 4, 0],[1, 1, 1, 1, 1, 1, 1, 1, 1, 1, 1, 1, 1]
[78, 2351, 18, 0],[1, 1, 1, 1]
[580, 139, 5553, 38, 20, 4, 0],[1, 1, 1, 1, 1, 1, 1]
[703, 25, 155, 46, 5593, 4160, 1232, 38, 20, 4, 0],[1, 1, 1, 1, 1, 1, 1, 1, 1, 1, 1]
[703, 25, 810, 810, 7128, 5553, 13, 580, 41, 304, 4, 0],[1, 1, 1, 1, 1, 1, 1, 1, 1, 1, 1, 1]
[8918, 17557, 3959, 25227, 31, 25695, 57632, 1, 185, 12, 1625, 48422, 0],[1, 1, 1, 1, 1, 1, 1, 1, 1, 1, 1, 1, 1]
[20, 25, 19, 31, 4428, 4, 0],[1, 1, 1, 1, 1, 1, 1]
[703, 2413, 1041, 4, 0],[1, 1, 1, 1, 1]
[41, 201, 106, 25, 69, 195, 50, 4, 0],[1, 1, 1, 1, 1, 1, 1, 1, 1]
[3057, 120, 50, 4, 0],[1, 1, 1, 1, 1]
[1520, 25, 69, 6800, 120, 50, 4, 0],[1, 1, 1, 1, 1, 1, 1, 1]
[20, 25, 19, 96, 516, 4, 0],[1, 1, 1, 1, 1, 1, 1]
[50, 206, 106, 25, 69, 939, 4, 0],[1, 1, 1, 1, 1, 1, 1, 1]
[1520, 25, 69, 6800, 4, 0],[1, 1, 1, 1, 1, 1]
[41, 25, 626, 11148, 57, 0],[1, 1, 1, 1, 1, 1]
[50, 25, 19, 31, 4428, 4, 0],[1, 1, 1, 1, 1, 1, 1]
[28, 284, 12, 25695, 57632, 1, 0],[1, 1, 1, 1, 1, 1, 1]
[28, 3388, 887, 4, 0],[1, 1, 1, 1, 1]
[1520, 25, 69, 16624, 4, 0],[1, 1, 1, 1, 1, 1]
[456, 643, 4, 0],[1, 1, 1, 1]
[170, 25, 19, 28, 284, 12, 4, 0],[1, 1, 1, 1, 1, 1, 1, 1]
[50, 25, 19, 96, 516, 4, 0],[1, 1, 1, 1, 1, 1, 1]
[456, 643, 4, 0],[1, 1, 1, 1]
[703, 2413, 1041, 4, 0],[1, 1, 1, 1, 1]
[3057, 120, 50, 4, 0],[1, 1, 1, 1, 1]
[703, 1041, 4, 0],[1, 1, 1, 1]
[170, 24, 28, 284, 4, 0],[1, 1, 1, 1, 1, 1]
[50, 25, 19, 31, 4428, 4, 0],[1, 1, 1, 1, 1, 1, 1]
[8918, 17557, 3959, 25227, 31, 25695, 57632, 1, 185, 12, 1080, 842, 12, 11401, 742, 0],[1, 1, 1, 1, 1, 1, 1, 1, 1, 1, 1, 1, 1, 1, 1, 1]
[11969, 139, 18, 0],[1, 1, 1, 1]
[103, 41, 643, 20418, 20, 18, 0],[1, 1, 1, 1, 1, 1, 1]
[9854, 3, 703, 142, 106, 25, 69, 1696, 102, 41, 194, 4, 0],[1, 1, 1, 1, 1, 1, 1, 1, 1, 1, 1, 1, 1]
[9854, 3, 703, 142, 106, 25, 69, 6640, 20, 4, 0],[1, 1, 1, 1, 1, 1, 1, 1, 1, 1, 1]
[201, 41, 38404, 1928, 11401, 20, 18, 0],[1, 1, 1, 1, 1, 1, 1, 1]
[123, 41, 643, 20418, 20, 18, 0],[1, 1, 1, 1, 1, 1, 1]
[21690, 18, 0],[1, 1, 1]
[9854, 0],[1, 1]
[703, 25, 155, 9854, 3, 703, 1520, 25, 69, 1041, 4, 0],[1, 1, 1, 1, 1, 1, 1, 1, 1, 1, 1, 1]
[201, 41, 11401, 20, 3, 1727, 18, 0],[1, 1, 1, 1, 1, 1, 1, 1]
[580, 139, 11401, 20, 277, 12, 229, 1232, 18, 0],[1, 1, 1, 1, 1, 1, 1, 1, 1, 1]
[780, 12, 414, 703, 25, 155, 7487, 0],[1, 1, 1, 1, 1, 1, 1, 1]
[703, 25, 155, 7487, 39, 2, 17813, 57, 0],[1, 1, 1, 1, 1, 1, 1, 1, 1]
[703, 25, 155, 7487, 39, 2, 2435, 57, 0],[1, 1, 1, 1, 1, 1, 1, 1, 1]
[2521, 17815, 32036, 0],[1, 1, 1, 1]
[6641, 921, 0],[1, 1, 1]
[1455, 8, 54749, 3675, 0],[1, 1, 1, 1, 1]
[5320, 25491, 26496, 0],[1, 1, 1, 1]
[111, 31, 11505, 8298, 24, 3220, 12, 139, 4, 0],[1, 1, 1, 1, 1, 1, 1, 1, 1, 1]
[703, 25, 155, 53061, 82, 7487, 57, 0],[1, 1, 1, 1, 1, 1, 1, 1]
[5626, 0],[1, 1]
[10301, 0],[1, 1]
[10095, 0],[1, 1]
[45847, 0],[1, 1]
[37555, 0],[1, 1]
[52416, 0],[1, 1]
[7576, 6361, 3959, 0],[1, 1, 1, 1]
[17242, 0],[1, 1]
[703, 25, 155, 138, 7487, 703, 201, 1858, 2, 558, 2650, 175, 4624, 6105, 4, 0],[1, 1, 1, 1, 1, 1, 1, 1, 1, 1, 1, 1, 1, 1, 1, 1]
[780, 12, 414, 196, 1896, 0],[1, 1, 1, 1, 1, 1]
[196, 1896, 3, 26470, 57, 0],[1, 1, 1, 1, 1, 1]
[35826, 106, 521, 25, 5103, 2, 151, 2211, 57, 64, 42816, 92, 0],[1, 1, 1, 1, 1, 1, 1, 1, 1, 1, 1, 1, 1]
[35826, 106, 521, 25, 5103, 536, 2142, 122, 57, 64, 53878, 92, 0],[1, 1, 1, 1, 1, 1, 1, 1, 1, 1, 1, 1, 1]
[1896, 3, 196, 2224, 57, 0],[1, 1, 1, 1, 1, 1]
[3681, 13, 9588, 57, 0],[1, 1, 1, 1, 1]
[1896, 57, 0],[1, 1, 1]
[11197, 287, 27839, 3849, 18011, 57, 0],[1, 1, 1, 1, 1, 1, 1]
[196, 214, 12, 41, 57, 0],[1, 1, 1, 1, 1, 1]
[196, 1896, 3, 8484, 3593, 57, 0],[1, 1, 1, 1, 1, 1, 1]
[689, 48422, 0],[1, 1, 1]
[703, 103, 16624, 26, 25695, 57632, 1, 0],[1, 1, 1, 1, 1, 1, 1, 1]
[703, 292, 16624, 26, 25695, 57632, 1, 0],[1, 1, 1, 1, 1, 1, 1, 1]
[1727, 3, 1625, 111, 48422, 26, 25695, 57632, 1, 0],[1, 1, 1, 1, 1, 1, 1, 1, 1, 1]
[703, 16624, 26, 25695, 57632, 1, 0],[1, 1, 1, 1, 1, 1, 1]
[1727, 3, 3739, 139, 26, 111, 25695, 57632, 1, 0],[1, 1, 1, 1, 1, 1, 1, 1, 1, 1]
[703, 25, 241, 257, 12, 16624, 26, 25695, 57632, 1, 0],[1, 1, 1, 1, 1, 1, 1, 1, 1, 1, 1]
[21690, 139, 26, 73, 25695, 57632, 1, 0],[1, 1, 1, 1, 1, 1, 1, 1]
[703, 536, 138, 9854, 26, 25695, 57632, 1, 0],[1, 1, 1, 1, 1, 1, 1, 1, 1]
[703, 25, 155, 24325, 9854, 26, 25695, 57632, 1, 0],[1, 1, 1, 1, 1, 1, 1, 1, 1, 1]
[703, 208, 106, 25, 69, 51, 25695, 57632, 1, 0],[1, 1, 1, 1, 1, 1, 1, 1, 1, 1]
[11969, 139, 26, 25695, 57632, 1, 0],[1, 1, 1, 1, 1, 1, 1]
[50, 25, 19, 96, 111, 7663, 4, 0],[1, 1, 1, 1, 1, 1, 1, 1]
[1727, 3, 3739, 139, 26, 25695, 57632, 1, 0],[1, 1, 1, 1, 1, 1, 1, 1, 1]
[703, 25, 155, 9100, 10, 25695, 57632, 1, 0],[1, 1, 1, 1, 1, 1, 1, 1, 1]
[703, 25, 155, 681, 9100, 10, 102, 703, 142, 4, 0],[1, 1, 1, 1, 1, 1, 1, 1, 1, 1, 1]
[703, 25, 155, 681, 9854, 120, 102, 703, 194, 4, 0],[1, 1, 1, 1, 1, 1, 1, 1, 1, 1, 1]
[20, 33, 20885, 10, 139, 4, 0],[1, 1, 1, 1, 1, 1, 1]
[703, 25, 155, 9854, 4, 0],[1, 1, 1, 1, 1, 1]
[703, 622, 41, 25, 1958, 3739, 139, 26, 25695, 57632, 1, 0],[1, 1, 1, 1, 1, 1, 1, 1, 1, 1, 1, 1]
[6790, 48422, 0],[1, 1, 1]
[28, 284, 12, 25695, 57632, 1, 0],[1, 1, 1, 1, 1, 1, 1]
[28, 3388, 887, 4, 0],[1, 1, 1, 1, 1]
[1520, 25, 69, 16624, 4, 0],[1, 1, 1, 1, 1, 1]
[456, 643, 4, 0],[1, 1, 1, 1]
[50, 25, 19, 31, 4428, 4, 0],[1, 1, 1, 1, 1, 1, 1]
[1520, 25, 69, 5124, 50, 4, 0],[1, 1, 1, 1, 1, 1, 1]
[20, 25, 19, 31, 4428, 4, 0],[1, 1, 1, 1, 1, 1, 1]
[703, 2413, 1041, 4, 0],[1, 1, 1, 1, 1]
[41, 201, 106, 25, 69, 195, 50, 4, 0],[1, 1, 1, 1, 1, 1, 1, 1, 1]
[3057, 120, 50, 4, 0],[1, 1, 1, 1, 1]
[1520, 25, 69, 6800, 120, 50, 4, 0],[1, 1, 1, 1, 1, 1, 1, 1]
[20, 25, 19, 96, 516, 4, 0],[1, 1, 1, 1, 1, 1, 1]
[50, 206, 106, 25, 69, 939, 4, 0],[1, 1, 1, 1, 1, 1, 1, 1]
[1520, 25, 69, 6800, 4, 0],[1, 1, 1, 1, 1, 1]
[41, 25, 626, 11148, 57, 0],[1, 1, 1, 1, 1, 1]
[170, 25, 19, 28, 284, 12, 4, 0],[1, 1, 1, 1, 1, 1, 1, 1]
[50, 25, 19, 96, 516, 4, 0],[1, 1, 1, 1, 1, 1, 1]
[456, 643, 4, 0],[1, 1, 1, 1]
[703, 2413, 1041, 4, 0],[1, 1, 1, 1, 1]
[3057, 120, 50, 4, 0],[1, 1, 1, 1, 1]
[703, 1041, 4, 0],[1, 1, 1, 1]
[170, 24, 28, 284, 4, 0],[1, 1, 1, 1, 1, 1]
[50, 25, 19, 31, 4428, 4, 0],[1, 1, 1, 1, 1, 1, 1]
[9231, 780, 12, 414, 28, 0],[1, 1, 1, 1, 1, 1]
[46, 870, 4, 0],[1, 1, 1, 1]
[55, 28, 501, 4, 0],[1, 1, 1, 1, 1]
[703, 25, 155, 41202, 167, 4, 0],[1, 1, 1, 1, 1, 1, 1]
[46, 26, 139, 3, 4980, 4, 0],[1, 1, 1, 1, 1, 1, 1]
[41750, 3, 20, 25, 19, 46, 742, 703, 75, 103, 88, 73, 128, 4, 0],[1, 1, 1, 1, 1, 1, 1, 1, 1, 1, 1, 1, 1, 1, 1]
[703, 25, 155, 681, 390, 167, 4, 0],[1, 1, 1, 1, 1, 1, 1, 1]
[4980, 26, 1312, 10, 139, 4, 0],[1, 1, 1, 1, 1, 1, 1]
[703, 681, 3736, 703, 201, 4, 0],[1, 1, 1, 1, 1, 1, 1]
[20, 25, 19, 46, 65, 14772, 4, 0],[1, 1, 1, 1, 1, 1, 1, 1]
[73, 24, 46, 9078, 2211, 262, 1878, 4, 0],[1, 1, 1, 1, 1, 1, 1, 1, 1]
[703, 721, 46, 4, 0],[1, 1, 1, 1, 1]
[190, 225, 50, 2368, 3, 131, 31, 25695, 57632, 1, 0],[1, 1, 1, 1, 1, 1, 1, 1, 1, 1, 1]
[46, 26, 139, 111, 1450, 3, 4980, 4, 0],[1, 1, 1, 1, 1, 1, 1, 1, 1]
[703, 51, 742, 1915, 4, 0],[1, 1, 1, 1, 1, 1]
[703, 25, 241, 257, 12, 3, 131, 703, 304, 703, 25, 810, 810, 8652, 50, 4, 0],[1, 1, 1, 1, 1, 1, 1, 1, 1, 1, 1, 1, 1, 1, 1, 1, 1]
[703, 681, 2082, 41, 3294, 139, 3, 31, 2448, 4436, 703, 75, 25, 69, 103, 50, 4, 0],[1, 1, 1, 1, 1, 1, 1, 1, 1, 1, 1, 1, 1, 1, 1, 1, 1, 1]
[703, 681, 2082, 41, 3294, 139, 131, 703, 75, 25, 69, 6615, 12, 20, 516, 295, 4, 0],[1, 1, 1, 1, 1, 1, 1, 1, 1, 1, 1, 1, 1, 1, 1, 1, 1, 1]
[28, 3, 4980, 4, 0],[1, 1, 1, 1, 1]
[4980, 26, 1312, 10, 139, 131, 703, 75, 25, 69, 0],[1, 1, 1, 1, 1, 1, 1, 1, 1, 1, 1]
[41750, 46, 4, 0],[1, 1, 1, 1]
[703, 25, 155, 4439, 703, 75, 25, 69, 4, 0],[1, 1, 1, 1, 1, 1, 1, 1, 1, 1]
[14012, 349, 128, 4, 0],[1, 1, 1, 1, 1]
[703, 25, 155, 9854, 703, 25, 155, 3560, 4, 0],[1, 1, 1, 1, 1, 1, 1, 1, 1, 1]
[20, 25, 19, 46, 1001, 12, 202, 26, 139, 4, 0],[1, 1, 1, 1, 1, 1, 1, 1, 1, 1, 1]
[14012, 915, 128, 4, 0],[1, 1, 1, 1, 1]
[703, 25, 241, 235, 12, 31, 25695, 57632, 1, 131, 75, 25, 69, 4, 0],[1, 1, 1, 1, 1, 1, 1, 1, 1, 1, 1, 1, 1, 1, 1]
[111, 796, 414, 4571, 3, 131, 111, 363, 414, 28, 4, 0],[1, 1, 1, 1, 1, 1, 1, 1, 1, 1, 1, 1]
[20, 206, 106, 25, 69, 202, 26, 139, 4, 0],[1, 1, 1, 1, 1, 1, 1, 1, 1, 1]
[703, 3736, 703, 201, 229, 50, 202, 4, 0],[1, 1, 1, 1, 1, 1, 1, 1, 1]
[703, 536, 44125, 167, 20, 41, 711, 139, 131, 703, 75, 25, 69, 103, 50, 4, 0],[1, 1, 1, 1, 1, 1, 1, 1, 1, 1, 1, 1, 1, 1, 1, 1, 1]
[6955, 19652, 3, 131, 703, 25, 810, 810, 51, 12, 3438, 4, 0],[1, 1, 1, 1, 1, 1, 1, 1, 1, 1, 1, 1, 1]
[780, 12, 414, 196, 4624, 357, 0],[1, 1, 1, 1, 1, 1, 1]
[2, 28091, 19, 0],[1, 1, 1, 1]
[55, 357, 295, 0],[1, 1, 1, 1]
[55, 357, 27839, 4624, 357, 0],[1, 1, 1, 1, 1, 1]
[309, 50, 1654, 0],[1, 1, 1, 1]
[2, 1514, 2762, 0],[1, 1, 1, 1]
[18950, 3047, 0],[1, 1, 1]
[703, 25, 155, 717, 0],[1, 1, 1, 1, 1]
[1455, 877, 481, 57, 0],[1, 1, 1, 1, 1]
[196, 1124, 0],[1, 1, 1]
[703, 1455, 877, 309, 717, 0],[1, 1, 1, 1, 1, 1]
[1093, 12, 41, 555, 0],[1, 1, 1, 1, 1]
[514, 16, 4642, 0],[1, 1, 1, 1]
[14811, 12, 1934, 41, 0],[1, 1, 1, 1, 1]
[693, 57, 0],[1, 1, 1]
[272, 31, 3020, 57, 0],[1, 1, 1, 1, 1]
[6640, 41, 555, 0],[1, 1, 1, 1]
[51, 2, 196, 90, 0],[1, 1, 1, 1, 1]
[36, 3089, 41, 57, 0],[1, 1, 1, 1, 1]
[780, 12, 414, 4571, 0],[1, 1, 1, 1, 1]
[524, 46, 18, 0],[1, 1, 1, 1]
[14306, 57, 0],[1, 1, 1]
[34817, 2104, 27839, 5748, 2104, 0],[1, 1, 1, 1, 1, 1]
[6658, 0],[1, 1]
[1232, 703, 75, 57, 0],[1, 1, 1, 1, 1]
[7875, 57, 0],[1, 1, 1]
[28, 1006, 0],[1, 1, 1]
[4571, 3, 102, 24, 50, 18, 0],[1, 1, 1, 1, 1, 1, 1]
[4462, 57, 0],[1, 1, 1]
[10139, 0],[1, 1]
[41, 36, 69, 0],[1, 1, 1, 1]
[196, 57, 0],[1, 1, 1]
[16995, 3786, 69, 230, 57, 0],[1, 1, 1, 1, 1, 1]
[703, 1755, 57, 0],[1, 1, 1, 1]
[31, 1467, 57, 0],[1, 1, 1, 1]
[39, 41, 3736, 57, 0],[1, 1, 1, 1, 1]
[7291, 4532, 57, 0],[1, 1, 1, 1]
[4571, 3, 102, 75, 703, 103, 5208, 41, 18, 0],[1, 1, 1, 1, 1, 1, 1, 1, 1, 1]
[13961, 57, 0],[1, 1, 1]
[780, 12, 414, 960, 15546, 0],[1, 1, 1, 1, 1, 1]
[51, 2, 44635, 15546, 57, 0],[1, 1, 1, 1, 1, 1]
[703, 622, 41, 51, 2, 35362, 214, 4, 0],[1, 1, 1, 1, 1, 1, 1, 1, 1]
[51, 2, 424, 90, 57, 0],[1, 1, 1, 1, 1, 1]
[3736, 521, 41, 154, 134, 33157, 12, 9230, 4, 0],[1, 1, 1, 1, 1, 1, 1, 1, 1, 1]
[154, 960, 16151, 10, 8, 214, 57, 0],[1, 1, 1, 1, 1, 1, 1, 1]
[96, 8, 884, 38, 99, 991, 214, 57, 0],[1, 1, 1, 1, 1, 1, 1, 1, 1]
[154, 960, 16151, 57, 0],[1, 1, 1, 1, 1]
[703, 3736, 41, 2, 1566, 15546, 57, 0],[1, 1, 1, 1, 1, 1, 1, 1]
[51, 2, 196, 90, 57, 0],[1, 1, 1, 1, 1, 1]
[129, 41, 15546, 36, 2436, 34, 17780, 57, 0],[1, 1, 1, 1, 1, 1, 1, 1, 1]
[703, 3736, 41, 96, 8, 884, 38, 99, 991, 214, 4, 0],[1, 1, 1, 1, 1, 1, 1, 1, 1, 1, 1, 1]
[703, 622, 41, 51, 2, 35362, 214, 13, 2, 35362, 328, 12, 324, 4, 0],[1, 1, 1, 1, 1, 1, 1, 1, 1, 1, 1, 1, 1, 1, 1]
[703, 3736, 41, 2, 1566, 214, 57, 0],[1, 1, 1, 1, 1, 1, 1, 1]
[34031, 41, 2, 214, 20, 24, 39, 991, 39, 41, 43, 57, 0],[1, 1, 1, 1, 1, 1, 1, 1, 1, 1, 1, 1, 1]
[53633, 9442, 38, 349, 328, 10, 18582, 344, 56269, 57, 0],[1, 1, 1, 1, 1, 1, 1, 1, 1, 1, 1]
[622, 41, 51, 65, 9426, 15546, 57, 41, 9845, 50, 4, 0],[1, 1, 1, 1, 1, 1, 1, 1, 1, 1, 1, 1]
[780, 12, 414, 185, 43, 41, 18, 0],[1, 1, 1, 1, 1, 1, 1, 1]
[102, 25, 19, 305, 18, 0],[1, 1, 1, 1, 1, 1]
[185, 25, 19, 50, 1001, 18, 0],[1, 1, 1, 1, 1, 1, 1]
[185, 25, 19, 1650, 18, 0],[1, 1, 1, 1, 1, 1]
[185, 25, 19, 137, 18, 0],[1, 1, 1, 1, 1, 1]
[102, 25, 19, 22968, 38, 18, 0],[1, 1, 1, 1, 1, 1, 1]
[102, 25, 19, 6354, 18, 0],[1, 1, 1, 1, 1, 1]
[185, 103, 41, 103, 18, 0],[1, 1, 1, 1, 1, 1]
[102, 43, 41, 163, 12, 18, 0],[1, 1, 1, 1, 1, 1, 1]
[185, 43, 41, 699, 18, 0],[1, 1, 1, 1, 1, 1]
[185, 43, 41, 5505, 163, 18, 0],[1, 1, 1, 1, 1, 1, 1]
[2006, 9993, 19, 3165, 18, 0],[1, 1, 1, 1, 1, 1]
[185, 43, 212, 1001, 18, 0],[1, 1, 1, 1, 1, 1]
[185, 43, 41, 145, 18, 0],[1, 1, 1, 1, 1, 1]
[780, 12, 414, 703, 1520, 25, 69, 257, 50, 0],[1, 1, 1, 1, 1, 1, 1, 1, 1, 1]
[703, 25, 155, 46, 186, 50, 4, 0],[1, 1, 1, 1, 1, 1, 1, 1]
[703, 75, 25, 69, 1444, 50, 4, 0],[1, 1, 1, 1, 1, 1, 1, 1]
[703, 4700, 50, 4, 0],[1, 1, 1, 1, 1]
[703, 25, 155, 46, 2, 2456, 23370, 10, 50, 4, 0],[1, 1, 1, 1, 1, 1, 1, 1, 1, 1, 1]
[703, 25, 1375, 94, 1449, 4, 0],[1, 1, 1, 1, 1, 1, 1]
[703, 25, 155, 46, 21925, 120, 50, 4, 0],[1, 1, 1, 1, 1, 1, 1, 1, 1]
[703, 51716, 357, 50, 4, 0],[1, 1, 1, 1, 1, 1]
[703, 536, 2656, 10, 50, 4, 0],[1, 1, 1, 1, 1, 1, 1]
[703, 1520, 25, 69, 2082, 50, 4, 0],[1, 1, 1, 1, 1, 1, 1, 1]
[703, 25, 155, 46, 681, 13115, 10, 50, 4, 0],[1, 1, 1, 1, 1, 1, 1, 1, 1, 1]
[703, 25, 810, 810, 3438, 4, 0],[1, 1, 1, 1, 1, 1, 1]
[703, 536, 46, 36714, 120, 50, 4, 0],[1, 1, 1, 1, 1, 1, 1, 1]
[703, 536, 46, 10095, 38, 50, 4, 0],[1, 1, 1, 1, 1, 1, 1, 1]
[20, 25, 19, 46, 26, 139, 4, 0],[1, 1, 1, 1, 1, 1, 1, 1]
[703, 536, 46, 2, 2456, 23370, 10, 50, 4, 0],[1, 1, 1, 1, 1, 1, 1, 1, 1, 1]
[20, 25, 19, 46, 111, 1197, 4, 0],[1, 1, 1, 1, 1, 1, 1, 1]
[703, 25, 155, 9400, 11646, 2600, 167, 16, 20, 4, 0],[1, 1, 1, 1, 1, 1, 1, 1, 1, 1, 1]
[780, 12, 414, 31, 13055, 111, 3735, 57, 0],[1, 1, 1, 1, 1, 1, 1, 1, 1]
[4772, 13728, 139, 57, 0],[1, 1, 1, 1, 1]
[31, 13055, 111, 57, 0],[1, 1, 1, 1, 1]
[757, 3515, 230, 0],[1, 1, 1, 1]
[26, 1030, 25, 19, 5938, 57, 0],[1, 1, 1, 1, 1, 1, 1]
[31, 13055, 10423, 587, 826, 57, 0],[1, 1, 1, 1, 1, 1, 1]
[4658, 1543, 2838, 287, 57, 0],[1, 1, 1, 1, 1, 1]
[26, 8, 235, 10, 3735, 57, 0],[1, 1, 1, 1, 1, 1, 1]
[481, 4211, 16042, 57, 0],[1, 1, 1, 1, 1]
[31, 7298, 32042, 7370, 57, 0],[1, 1, 1, 1, 1, 1]
[20, 24, 18431, 2656, 57, 0],[1, 1, 1, 1, 1, 1]
[1783, 12, 36, 69, 19, 287, 57, 0],[1, 1, 1, 1, 1, 1, 1, 1]
[757, 2150, 9859, 0],[1, 1, 1, 1]
[31, 13055, 111, 4772, 57, 0],[1, 1, 1, 1, 1, 1]
[31, 13055, 2635, 57, 0],[1, 1, 1, 1, 1]
[780, 12, 414, 703, 25, 155, 6871, 0],[1, 1, 1, 1, 1, 1, 1, 1]
[703, 25, 155, 16378, 0],[1, 1, 1, 1, 1]
[703, 25, 155, 12887, 167, 0],[1, 1, 1, 1, 1, 1]
[703, 25, 155, 6404, 0],[1, 1, 1, 1, 1]
[703, 25, 155, 887, 0],[1, 1, 1, 1, 1]
[703, 25, 155, 39362, 0],[1, 1, 1, 1, 1]
[703, 25, 155, 2268, 0],[1, 1, 1, 1, 1]
[703, 25, 155, 9014, 153, 6871, 0],[1, 1, 1, 1, 1, 1, 1]
[703, 25, 155, 1131, 27839, 262, 5267, 0],[1, 1, 1, 1, 1, 1, 1, 1]
[703, 25, 155, 5156, 38, 36596, 0],[1, 1, 1, 1, 1, 1, 1]
[703, 25, 155, 6094, 6871, 0],[1, 1, 1, 1, 1, 1]
[703, 25, 155, 6871, 12, 8, 9131, 0],[1, 1, 1, 1, 1, 1, 1, 1]
[703, 25, 155, 24597, 350, 167, 0],[1, 1, 1, 1, 1, 1, 1]
[703, 25, 155, 17704, 3376, 167, 0],[1, 1, 1, 1, 1, 1, 1]
[703, 25, 155, 12654, 0],[1, 1, 1, 1, 1]
[703, 25, 155, 11898, 153, 0],[1, 1, 1, 1, 1, 1]
[703, 25, 155, 1131, 38, 111, 1201, 0],[1, 1, 1, 1, 1, 1, 1, 1]
[703, 25, 155, 42017, 0],[1, 1, 1, 1, 1]
[703, 25, 155, 5156, 38, 5931, 0],[1, 1, 1, 1, 1, 1, 1]
[349, 198, 12, 414, 26, 294, 0],[1, 1, 1, 1, 1, 1, 1]
[8576, 0],[1, 1]
[12, 5001, 0],[1, 1, 1]
[26, 1907, 0],[1, 1, 1]
[4555, 230, 0],[1, 1, 1]
[257, 0],[1, 1]
[90, 294, 24, 25695, 57632, 1, 0],[1, 1, 1, 1, 1, 1, 1]
[39, 2, 1047, 16, 1048, 0],[1, 1, 1, 1, 1, 1]
[39, 65, 294, 0],[1, 1, 1, 1]
[159, 39, 0],[1, 1, 1]
[959, 0],[1, 1]
[16, 2, 1286, 1047, 0],[1, 1, 1, 1, 1]
[150, 0],[1, 1]
[16, 2093, 12, 0],[1, 1, 1, 1]
[55, 198, 10, 3390, 0],[1, 1, 1, 1, 1]
[4083, 0],[1, 1]
[3396, 289, 0],[1, 1, 1]
[39, 65, 294, 254, 25695, 57632, 1, 0],[1, 1, 1, 1, 1, 1, 1, 1]
[16, 2986, 0],[1, 1, 1]
[580, 25, 19, 414, 25695, 57632, 1, 0],[1, 1, 1, 1, 1, 1, 1, 1]
[39, 1125, 16, 25695, 57632, 1, 0],[1, 1, 1, 1, 1, 1, 1]
[73, 24, 7667, 25695, 57632, 1, 0],[1, 1, 1, 1, 1, 1, 1]
[31, 535, 1928, 2064, 25695, 57632, 1, 0],[1, 1, 1, 1, 1, 1, 1, 1]
[2692, 0],[1, 1]
[3396, 289, 25695, 57632, 1, 0],[1, 1, 1, 1, 1, 1]
[31, 25695, 0],[1, 1, 1]
[23851, 0],[1, 1]
[190, 41, 25695, 57632, 1271, 1200, 626, 6520, 26, 8, 31, 17914, 69, 19, 2553, 3, 50, 25695, 57632, 1271, 1200, 19, 559, 12, 304, 102, 31, 17914, 69, 19, 1682, 871, 420, 324, 163, 4, 16, 73, 510, 3, 52, 59, 1158, 65, 39762, 10, 8, 794, 1806, 10, 8, 1682, 2553, 3, 39, 289, 39, 1045, 871, 61, 1181, 36977, 4, 0],[1, 1, 1, 1, 1, 1, 1, 1, 1, 1, 1, 1, 1, 1, 1, 1, 1, 1, 1, 1, 1, 1, 1, 1, 1, 1, 1, 1, 1, 1, 1, 1, 1, 1, 1, 1, 1, 1, 1, 1, 1, 1, 1, 1, 1, 1, 1, 1, 1, 1, 1, 1, 1, 1, 1, 1, 1, 1, 1, 1, 1, 1, 1, 1]
[8, 42539, 59, 1080, 41, 871, 120, 974, 13, 99, 137, 4, 193, 31, 17914, 69, 19, 1682, 871, 43, 1714, 3934, 12, 1062, 171, 8, 174, 296, 1806, 4, 8, 196, 634, 24, 96, 10, 8, 871, 43, 120, 3, 13, 41, 43, 8, 180, 27839, 26078, 82, 7900, 38, 8, 12112, 10, 41, 4, 0],[1, 1, 1, 1, 1, 1, 1, 1, 1, 1, 1, 1, 1, 1, 1, 1, 1, 1, 1, 1, 1, 1, 1, 1, 1, 1, 1, 1, 1, 1, 1, 1, 1, 1, 1, 1, 1, 1, 1, 1, 1, 1, 1, 1, 1, 1, 1, 1, 1, 1, 1, 1, 1, 1, 1, 1, 1]
[9, 7034, 41, 1336, 139, 367, 41, 544, 18, 0],[1, 1, 1, 1, 1, 1, 1, 1, 1, 1]
[9, 1323, 41, 202, 67, 381, 18, 0],[1, 1, 1, 1, 1, 1, 1, 1]
[9, 21440, 103, 41, 103, 16, 99, 825, 128, 18, 0],[1, 1, 1, 1, 1, 1, 1, 1, 1, 1, 1]
[12, 546, 134, 120, 185, 12, 1062, 193, 5326, 10, 871, 3, 2864, 8, 881, 2602, 22, 0],[1, 1, 1, 1, 1, 1, 1, 1, 1, 1, 1, 1, 1, 1, 1, 1, 1, 1]
[8, 42539, 59, 398, 41, 2, 12112, 3537, 4, 41, 59, 51, 117, 7551, 12, 3447, 99, 3262, 4, 271, 41, 59, 1170, 26, 117, 27839, 2023, 3374, 38, 8, 12112, 4, 1520, 25695, 57632, 1271, 1200, 69, 6800, 3, 8, 42539, 59, 1925, 41, 126, 41, 1833, 237, 3374, 4, 0],[1, 1, 1, 1, 1, 1, 1, 1, 1, 1, 1, 1, 1, 1, 1, 1, 1, 1, 1, 1, 1, 1, 1, 1, 1, 1, 1, 1, 1, 1, 1, 1, 1, 1, 1, 1, 1, 1, 1, 1, 1, 1, 1, 1, 1, 1, 1, 1, 1, 1, 1, 1]
[8, 14032, 43, 20767, 13, 874, 36, 12906, 3, 131, 71, 43, 8220, 14032, 20, 1468, 16, 8, 180, 75, 1093, 120, 4, 0],[1, 1, 1, 1, 1, 1, 1, 1, 1, 1, 1, 1, 1, 1, 1, 1, 1, 1, 1, 1, 1, 1, 1, 1]
[9, 1357, 46562, 2, 128, 126, 41, 85, 681, 6536, 10, 974, 4, 0],[1, 1, 1, 1, 1, 1, 1, 1, 1, 1, 1, 1, 1, 1]
[9, 49425, 120, 2, 22877, 20, 41, 1014, 4, 0],[1, 1, 1, 1, 1, 1, 1, 1, 1, 1]
[9, 29105, 139, 120, 2, 490, 20, 41, 51, 2875, 20, 41, 681, 10390, 4, 0],[1, 1, 1, 1, 1, 1, 1, 1, 1, 1, 1, 1, 1, 1, 1, 1]
[12, 546, 134, 120, 185, 12, 1062, 193, 5326, 10, 871, 3, 2864, 8, 881, 2602, 22, 0],[1, 1, 1, 1, 1, 1, 1, 1, 1, 1, 1, 1, 1, 1, 1, 1, 1, 1]
[8, 42539, 59, 1080, 41, 134, 9203, 871, 120, 8, 12112, 61, 407, 718, 71, 129, 150, 1080, 41, 120, 174, 53084, 14032, 4, 71, 43, 8220, 38, 23347, 31, 17914, 69, 19, 1682, 871, 3, 13, 10960, 8, 1092, 10, 31, 25695, 57632, 31, 57769, 4407, 11731, 155, 1061, 25695, 57632, 1271, 1200, 871, 41, 420, 436, 711, 16, 31, 17914, 69, 19, 2987, 4631, 718, 0],[1, 1, 1, 1, 1, 1, 1, 1, 1, 1, 1, 1, 1, 1, 1, 1, 1, 1, 1, 1, 1, 1, 1, 1, 1, 1, 1, 1, 1, 1, 1, 1, 1, 1, 1, 1, 1, 1, 1, 1, 1, 1, 1, 1, 1, 1, 1, 1, 1, 1, 1, 1, 1, 1, 1, 1, 1, 1, 1, 1, 1, 1, 1, 1, 1, 1, 1, 1]
[9, 21440, 43, 8, 10517, 13, 45121, 10, 1216, 163, 2, 305, 22877, 18, 0],[1, 1, 1, 1, 1, 1, 1, 1, 1, 1, 1, 1, 1, 1, 1]
[9, 1323, 41, 721, 109, 208, 1441, 12, 63, 17243, 19, 307, 22874, 714, 67, 8009, 18, 0],[1, 1, 1, 1, 1, 1, 1, 1, 1, 1, 1, 1, 1, 1, 1, 1, 1, 1]
[9, 21440, 43, 8, 2516, 10, 614, 16, 2, 2456, 674, 18, 0],[1, 1, 1, 1, 1, 1, 1, 1, 1, 1, 1, 1, 1]
[51603, 2181, 0],[1, 1, 1]
[23851, 0],[1, 1]
[4138, 31, 5108, 39323, 0],[1, 1, 1, 1, 1]
[14238, 31, 5108, 5350, 0],[1, 1, 1, 1, 1]
[4897, 3, 8572, 31, 5108, 12619, 0],[1, 1, 1, 1, 1, 1, 1]
[1889, 5415, 0],[1, 1, 1]
[43018, 0],[1, 1]
[256, 31, 5108, 30628, 0],[1, 1, 1, 1, 1]
[1717, 31, 5108, 7289, 0],[1, 1, 1, 1, 1]
[720, 714, 0],[1, 1, 1]
[33542, 1848, 31, 5108, 10272, 0],[1, 1, 1, 1, 1, 1]
[12902, 16510, 0],[1, 1, 1]
[10496, 8939, 0],[1, 1, 1]
[1771, 13, 1056, 0],[1, 1, 1, 1]
[31614, 1848, 0],[1, 1, 1]
[4053, 31, 5108, 23107, 1480, 0],[1, 1, 1, 1, 1, 1]
[1288, 9990, 0],[1, 1, 1]
[8, 8101, 10072, 0],[1, 1, 1, 1]
[10187, 1360, 0],[1, 1, 1]
[23851, 0],[1, 1]
[4027, 65, 38203, 20, 17891, 41, 12, 3694, 2, 6210, 4, 41, 208, 414, 22, 0],[1, 1, 1, 1, 1, 1, 1, 1, 1, 1, 1, 1, 1, 1, 1, 1]
[2577, 524, 41, 721, 20, 38203, 249, 8, 6210, 1550, 7302, 4, 0],[1, 1, 1, 1, 1, 1, 1, 1, 1, 1, 1, 1, 1]
[2, 6756, 1197, 41, 142, 0],[1, 1, 1, 1, 1, 1]
[4027, 2, 6756, 1197, 41, 51, 887, 4, 41, 208, 414, 22, 0],[1, 1, 1, 1, 1, 1, 1, 1, 1, 1, 1, 1, 1]
[13, 2577, 524, 41, 837, 50, 33, 6756, 4, 0],[1, 1, 1, 1, 1, 1, 1, 1, 1, 1]
[2, 395, 41, 304, 0],[1, 1, 1, 1, 1]
[4027, 65, 480, 395, 20, 41, 304, 4, 41, 208, 414, 22, 0],[1, 1, 1, 1, 1, 1, 1, 1, 1, 1, 1, 1, 1]
[2577, 524, 41, 257, 110, 4, 0],[1, 1, 1, 1, 1, 1, 1]
[4027, 2, 575, 20, 41, 304, 13, 257, 2, 2236, 4, 41, 208, 414, 22, 0],[1, 1, 1, 1, 1, 1, 1, 1, 1, 1, 1, 1, 1, 1, 1, 1]
[2577, 524, 41, 257, 110, 2, 2236, 4, 0],[1, 1, 1, 1, 1, 1, 1, 1, 1]
[4027, 842, 78, 107, 94, 65, 559, 1828, 38, 99, 137, 4, 41, 208, 414, 22, 0],[1, 1, 1, 1, 1, 1, 1, 1, 1, 1, 1, 1, 1, 1, 1, 1, 1]
[2577, 524, 71, 51, 94, 159, 65, 1828, 38, 41, 4, 0],[1, 1, 1, 1, 1, 1, 1, 1, 1, 1, 1, 1]
[4027, 2, 395, 20, 41, 721, 24, 326, 4978, 4, 41, 208, 414, 22, 0],[1, 1, 1, 1, 1, 1, 1, 1, 1, 1, 1, 1, 1, 1, 1]
[2577, 524, 73, 395, 24, 326, 4978, 4, 0],[1, 1, 1, 1, 1, 1, 1, 1, 1]
[4027, 2, 64, 19027, 92, 6908, 395, 41, 304, 4, 41, 208, 414, 22, 0],[1, 1, 1, 1, 1, 1, 1, 1, 1, 1, 1, 1, 1, 1, 1]
[13, 2577, 524, 41, 721, 73, 395, 24, 6908, 4, 0],[1, 1, 1, 1, 1, 1, 1, 1, 1, 1, 1]
[4027, 99, 40124, 4752, 2679, 61, 714, 4, 41, 208, 414, 22, 0],[1, 1, 1, 1, 1, 1, 1, 1, 1, 1, 1, 1, 1]
[2577, 524, 41, 1725, 73, 2679, 138, 289, 4, 0],[1, 1, 1, 1, 1, 1, 1, 1, 1, 1]
[4027, 99, 40124, 4752, 5836, 1450, 4, 41, 208, 414, 22, 0],[1, 1, 1, 1, 1, 1, 1, 1, 1, 1, 1, 1]
[13, 2577, 102, 249, 41, 257, 130, 57694, 8154, 4, 0],[1, 1, 1, 1, 1, 1, 1, 1, 1, 1, 1]
[4027, 2, 395, 41, 304, 78, 4792, 12, 1873, 3246, 64, 1375, 7989, 1878, 19, 3, 6367, 3, 5293, 92, 4, 1727, 1336, 139, 22, 0],[1, 1, 1, 1, 1, 1, 1, 1, 1, 1, 1, 1, 1, 1, 1, 1, 1, 1, 1, 1, 1, 1, 1, 1, 1, 1]
[2577, 524, 71, 1014, 2466, 3246, 0],[1, 1, 1, 1, 1, 1, 1]
[4027, 2, 968, 67, 1717, 41, 51, 615, 842, 4, 41, 208, 414, 22, 0],[1, 1, 1, 1, 1, 1, 1, 1, 1, 1, 1, 1, 1, 1, 1]
[2577, 524, 41, 1892, 12, 398, 73, 2986, 1717, 4, 0],[1, 1, 1, 1, 1, 1, 1, 1, 1, 1, 1]
[4027, 2, 968, 67, 1717, 842, 690, 41, 20, 41, 681, 10390, 4, 41, 208, 414, 22, 0],[1, 1, 1, 1, 1, 1, 1, 1, 1, 1, 1, 1, 1, 1, 1, 1, 1, 1]
[2577, 524, 41, 10390, 50, 4, 0],[1, 1, 1, 1, 1, 1, 1]
[4027, 2, 395, 78, 1318, 41, 742, 559, 4, 41, 208, 414, 22, 0],[1, 1, 1, 1, 1, 1, 1, 1, 1, 1, 1, 1, 1, 1]
[13, 2577, 524, 41, 721, 102, 71, 1318, 24, 559, 4, 0],[1, 1, 1, 1, 1, 1, 1, 1, 1, 1, 1, 1]
[4027, 65, 4978, 569, 41, 51, 1125, 4, 41, 208, 414, 22, 0],[1, 1, 1, 1, 1, 1, 1, 1, 1, 1, 1, 1, 1]
[13, 2577, 524, 41, 721, 73, 569, 24, 4978, 4, 0],[1, 1, 1, 1, 1, 1, 1, 1, 1, 1, 1]
[1093, 120, 2, 11486, 41, 123, 257, 12, 51, 16, 99, 376, 4, 41, 208, 414, 22, 0],[1, 1, 1, 1, 1, 1, 1, 1, 1, 1, 1, 1, 1, 1, 1, 1, 1, 1]
[13, 2577, 524, 41, 543, 12, 51, 50, 16, 99, 376, 4, 0],[1, 1, 1, 1, 1, 1, 1, 1, 1, 1, 1, 1, 1]
[2, 128, 126, 842, 2, 1818, 6734, 26282, 12, 41, 0],[1, 1, 1, 1, 1, 1, 1, 1, 1, 1, 1]
[4027, 2, 128, 126, 842, 2, 1818, 6734, 26282, 12, 41, 4, 41, 208, 414, 22, 0],[1, 1, 1, 1, 1, 1, 1, 1, 1, 1, 1, 1, 1, 1, 1, 1, 1]
[13, 2577, 524, 71, 2, 1818, 6734, 26282, 12, 41, 4, 0],[1, 1, 1, 1, 1, 1, 1, 1, 1, 1, 1, 1]
[1093, 120, 2, 390, 41, 43, 1038, 295, 67, 51, 503, 2667, 4, 41, 208, 414, 22, 0],[1, 1, 1, 1, 1, 1, 1, 1, 1, 1, 1, 1, 1, 1, 1, 1, 1, 1]
[13, 414, 190, 41, 123, 257, 12, 503, 742, 1915, 1286, 67, 46, 3, 13, 524, 0],[1, 1, 1, 1, 1, 1, 1, 1, 1, 1, 1, 1, 1, 1, 1, 1, 1]
[1093, 120, 2, 390, 41, 51, 456, 503, 131, 123, 257, 12, 503, 4, 41, 208, 5124, 22, 0],[1, 1, 1, 1, 1, 1, 1, 1, 1, 1, 1, 1, 1, 1, 1, 1, 1, 1, 1]
[13, 414, 185, 41, 721, 50, 59, 5022, 12, 174, 1799, 41, 51, 503, 0],[1, 1, 1, 1, 1, 1, 1, 1, 1, 1, 1, 1, 1, 1, 1]
[1093, 120, 2, 390, 67, 27575, 41, 2667, 503, 4, 1727, 1336, 139, 22, 0],[1, 1, 1, 1, 1, 1, 1, 1, 1, 1, 1, 1, 1, 1, 1]
[13, 524, 103, 41, 721, 41, 59, 503, 8, 390, 804, 67, 46, 18, 0],[1, 1, 1, 1, 1, 1, 1, 1, 1, 1, 1, 1, 1, 1, 1]
[4027, 2, 1841, 20, 41, 2692, 257, 4, 41, 208, 414, 22, 0],[1, 1, 1, 1, 1, 1, 1, 1, 1, 1, 1, 1, 1]
[2577, 524, 41, 257, 73, 1841, 4, 0],[1, 1, 1, 1, 1, 1, 1, 1]
[4027, 2, 835, 2364, 41, 543, 12, 1914, 4, 41, 208, 414, 22, 0],[1, 1, 1, 1, 1, 1, 1, 1, 1, 1, 1, 1, 1, 1]
[13, 2577, 524, 41, 543, 12, 1914, 73, 2364, 4, 0],[1, 1, 1, 1, 1, 1, 1, 1, 1, 1, 1]
[4027, 2, 3524, 835, 2364, 20, 41, 304, 120, 4, 41, 208, 414, 22, 0],[1, 1, 1, 1, 1, 1, 1, 1, 1, 1, 1, 1, 1, 1, 1]
[13, 2577, 524, 41, 721, 73, 2364, 57694, 4427, 3584, 287, 24, 3524, 4, 0],[1, 1, 1, 1, 1, 1, 1, 1, 1, 1, 1, 1, 1, 1, 1]
[4027, 2, 2214, 1108, 16, 99, 137, 4, 41, 208, 414, 22, 0],[1, 1, 1, 1, 1, 1, 1, 1, 1, 1, 1, 1, 1]
[13, 4027, 185, 50, 2844, 41, 555, 16, 137, 4, 0],[1, 1, 1, 1, 1, 1, 1, 1, 1, 1, 1]
[4027, 99, 40124, 4752, 5950, 10, 4540, 4, 41, 208, 414, 22, 0],[1, 1, 1, 1, 1, 1, 1, 1, 1, 1, 1, 1, 1]
[13, 2577, 524, 50, 24, 99, 40124, 4752, 5950, 10, 4540, 4, 0],[1, 1, 1, 1, 1, 1, 1, 1, 1, 1, 1, 1, 1]
[4027, 2, 20085, 41, 51, 11898, 64, 22986, 39, 2, 714, 67, 3327, 20085, 92, 4, 41, 208, 414, 22, 0],[1, 1, 1, 1, 1, 1, 1, 1, 1, 1, 1, 1, 1, 1, 1, 1, 1, 1, 1, 1, 1]
[13, 2577, 185, 41, 856, 120, 20, 20085, 4, 0],[1, 1, 1, 1, 1, 1, 1, 1, 1, 1]
[4027, 99, 40124, 4752, 674, 67, 2, 674, 41, 51, 2875, 20, 41, 257, 326, 318, 4, 41, 208, 414, 22, 0],[1, 1, 1, 1, 1, 1, 1, 1, 1, 1, 1, 1, 1, 1, 1, 1, 1, 1, 1, 1, 1, 1]
[13, 8, 2066, 33841, 16, 73, 674, 43, 0],[1, 1, 1, 1, 1, 1, 1, 1, 1]
[4027, 65, 46337, 1702, 67, 2, 3327, 20, 41, 304, 4, 1727, 414, 0],[1, 1, 1, 1, 1, 1, 1, 1, 1, 1, 1, 1, 1, 1]
[13, 190, 41, 123, 257, 12, 202, 170, 4, 0],[1, 1, 1, 1, 1, 1, 1, 1, 1, 1]
[1889, 5415, 0],[1, 1, 1]
[4027, 99, 40124, 4752, 407, 10, 8, 214, 4, 41, 208, 414, 22, 0],[1, 1, 1, 1, 1, 1, 1, 1, 1, 1, 1, 1, 1, 1]
[2577, 524, 73, 24, 99, 40124, 4752, 407, 10, 8, 214, 4, 0],[1, 1, 1, 1, 1, 1, 1, 1, 1, 1, 1, 1, 1]
[4027, 65, 559, 1814, 41, 51, 249, 4, 41, 208, 414, 22, 0],[1, 1, 1, 1, 1, 1, 1, 1, 1, 1, 1, 1, 1]
[13, 2577, 524, 8, 1814, 33, 138, 559, 4, 0],[1, 1, 1, 1, 1, 1, 1, 1, 1, 1]
[8687, 10590, 0],[1, 1, 1]
[4027, 2, 4542, 8687, 11174, 41, 123, 257, 12, 327, 4, 41, 208, 414, 22, 0],[1, 1, 1, 1, 1, 1, 1, 1, 1, 1, 1, 1, 1, 1, 1, 1]
[13, 2577, 524, 41, 123, 257, 50, 4, 0],[1, 1, 1, 1, 1, 1, 1, 1, 1]
[4027, 2, 5950, 10, 8687, 6431, 20, 41, 51, 4, 41, 208, 414, 22, 0],[1, 1, 1, 1, 1, 1, 1, 1, 1, 1, 1, 1, 1, 1, 1]
[13, 4027, 524, 50, 24, 559, 12, 41, 0],[1, 1, 1, 1, 1, 1, 1, 1, 1]
[4027, 2, 5950, 10, 8687, 6431, 20, 41, 419, 4542, 4, 41, 208, 414, 22, 0],[1, 1, 1, 1, 1, 1, 1, 1, 1, 1, 1, 1, 1, 1, 1, 1]
[13, 2577, 524, 41, 419, 73, 5950, 10, 8687, 6431, 4542, 4, 0],[1, 1, 1, 1, 1, 1, 1, 1, 1, 1, 1, 1, 1]
[4075, 0],[1, 1]
[4027, 2, 324, 241, 2788, 20, 41, 721, 24, 326, 31867, 4, 41, 208, 414, 22, 0],[1, 1, 1, 1, 1, 1, 1, 1, 1, 1, 1, 1, 1, 1, 1, 1, 1]
[2577, 524, 41, 721, 73, 324, 241, 2788, 24, 326, 31867, 4, 0],[1, 1, 1, 1, 1, 1, 1, 1, 1, 1, 1, 1, 1]
[4027, 2, 4436, 3575, 578, 20, 41, 1014, 4, 41, 208, 414, 22, 0],[1, 1, 1, 1, 1, 1, 1, 1, 1, 1, 1, 1, 1, 1]
[2577, 524, 41, 257, 50, 4, 0],[1, 1, 1, 1, 1, 1, 1]
[4027, 2, 10566, 41, 2247, 5589, 4, 41, 208, 414, 22, 0],[1, 1, 1, 1, 1, 1, 1, 1, 1, 1, 1, 1]
[13, 2577, 524, 41, 2247, 8, 10566, 4, 0],[1, 1, 1, 1, 1, 1, 1, 1, 1]
[2750, 0],[1, 1]
[4027, 65, 7424, 1006, 67, 3046, 4, 41, 208, 414, 22, 0],[1, 1, 1, 1, 1, 1, 1, 1, 1, 1, 1, 1]
[13, 102, 103, 41, 721, 59, 2519, 16, 8, 801, 1693, 73, 3046, 4, 0],[1, 1, 1, 1, 1, 1, 1, 1, 1, 1, 1, 1, 1, 1, 1]
[4027, 2, 2608, 10, 2005, 20, 41, 257, 12, 103, 4, 41, 208, 414, 22, 0],[1, 1, 1, 1, 1, 1, 1, 1, 1, 1, 1, 1, 1, 1, 1, 1]
[2577, 524, 41, 257, 73, 2986, 2005, 4, 0],[1, 1, 1, 1, 1, 1, 1, 1, 1]
[7804, 820, 0],[1, 1, 1]
[4027, 65, 7804, 820, 41, 25695, 57632, 1271, 1200, 1375, 94, 4, 41, 208, 414, 22, 0],[1, 1, 1, 1, 1, 1, 1, 1, 1, 1, 1, 1, 1, 1, 1, 1, 1]
[13, 2577, 102, 249, 73, 820, 959, 7804, 4, 0],[1, 1, 1, 1, 1, 1, 1, 1, 1, 1]
[1093, 120, 8, 795, 128, 99, 1100, 256, 1455, 775, 4, 41, 208, 5124, 22, 0],[1, 1, 1, 1, 1, 1, 1, 1, 1, 1, 1, 1, 1, 1, 1, 1]
[13, 414, 190, 41, 123, 257, 12, 103, 8, 446, 1197, 804, 1025, 67, 46, 3, 13, 524, 0],[1, 1, 1, 1, 1, 1, 1, 1, 1, 1, 1, 1, 1, 1, 1, 1, 1, 1, 1]
[4027, 2, 256, 2393, 20, 41, 436, 38, 289, 34, 4, 41, 208, 5124, 22, 0],[1, 1, 1, 1, 1, 1, 1, 1, 1, 1, 1, 1, 1, 1, 1, 1]
[13, 414, 524, 41, 721, 41, 51, 2, 196, 1072, 0],[1, 1, 1, 1, 1, 1, 1, 1, 1, 1, 1]
[4027, 90, 10, 99, 3323, 4, 41, 208, 414, 22, 0],[1, 1, 1, 1, 1, 1, 1, 1, 1, 1, 1]
[13, 414, 189, 174, 2965, 10, 99, 19, 71, 43, 312, 1286, 12, 0],[1, 1, 1, 1, 1, 1, 1, 1, 1, 1, 1, 1, 1, 1]
[4027, 2, 256, 2393, 41, 2360, 2, 2236, 10, 128, 34, 4, 41, 208, 414, 22, 0],[1, 1, 1, 1, 1, 1, 1, 1, 1, 1, 1, 1, 1, 1, 1, 1, 1]
[13, 2577, 524, 41, 2360, 8, 312, 128, 34, 130, 57694, 8154, 4, 0],[1, 1, 1, 1, 1, 1, 1, 1, 1, 1, 1, 1, 1, 1]
[4027, 2, 4034, 653, 61, 99, 17243, 67, 1095, 4, 41, 208, 414, 22, 0],[1, 1, 1, 1, 1, 1, 1, 1, 1, 1, 1, 1, 1, 1, 1]
[13, 414, 524, 41, 721, 50, 24, 4034, 0],[1, 1, 1, 1, 1, 1, 1, 1, 1]
[4027, 2, 4058, 20, 41, 94, 20, 41, 1725, 289, 4, 41, 208, 414, 22, 0],[1, 1, 1, 1, 1, 1, 1, 1, 1, 1, 1, 1, 1, 1, 1, 1]
[2577, 524, 41, 1725, 73, 2986, 2276, 4, 0],[1, 1, 1, 1, 1, 1, 1, 1, 1]
[4027, 2, 4058, 20, 41, 10084, 153, 4, 41, 208, 414, 22, 0],[1, 1, 1, 1, 1, 1, 1, 1, 1, 1, 1, 1, 1]
[2577, 524, 41, 1725, 73, 4058, 4, 0],[1, 1, 1, 1, 1, 1, 1, 1]
[4027, 2, 1450, 78, 107, 4731, 65, 559, 407, 16, 99, 137, 4, 41, 208, 414, 22, 0],[1, 1, 1, 1, 1, 1, 1, 1, 1, 1, 1, 1, 1, 1, 1, 1, 1, 1]
[13, 2577, 524, 73, 395, 107, 145, 559, 16, 99, 137, 0],[1, 1, 1, 1, 1, 1, 1, 1, 1, 1, 1, 1]
[4027, 2, 1450, 41, 94, 16, 4821, 714, 4, 41, 208, 414, 22, 0],[1, 1, 1, 1, 1, 1, 1, 1, 1, 1, 1, 1, 1, 1]
[13, 414, 1262, 41, 43, 504, 16, 2228, 34, 20, 395, 67, 46, 3, 13, 524, 0],[1, 1, 1, 1, 1, 1, 1, 1, 1, 1, 1, 1, 1, 1, 1, 1, 1]
[4027, 2, 5950, 10, 16493, 20, 41, 327, 4, 41, 208, 414, 22, 0],[1, 1, 1, 1, 1, 1, 1, 1, 1, 1, 1, 1, 1, 1]
[13, 2577, 524, 41, 257, 50, 4, 0],[1, 1, 1, 1, 1, 1, 1, 1]
[4027, 2, 3661, 67, 7212, 41, 2247, 4849, 4, 41, 208, 414, 22, 0],[1, 1, 1, 1, 1, 1, 1, 1, 1, 1, 1, 1, 1, 1]
[13, 2577, 524, 41, 10390, 50, 4, 0],[1, 1, 1, 1, 1, 1, 1, 1]
[4027, 2, 968, 20, 41, 690, 842, 4, 41, 208, 414, 22, 0],[1, 1, 1, 1, 1, 1, 1, 1, 1, 1, 1, 1, 1]
[13, 414, 185, 20, 968, 5022, 19, 12, 174, 7792, 41, 51, 615, 20, 395, 67, 174, 109, 4, 0],[1, 1, 1, 1, 1, 1, 1, 1, 1, 1, 1, 1, 1, 1, 1, 1, 1, 1, 1, 1]
[4027, 99, 64, 1026, 99, 1450, 25695, 57632, 1271, 1200, 19, 92, 820, 34, 65, 3261, 67, 6618, 4, 41, 208, 414, 22, 0],[1, 1, 1, 1, 1, 1, 1, 1, 1, 1, 1, 1, 1, 1, 1, 1, 1, 1, 1, 1, 1, 1, 1, 1]
[13, 414, 185, 41, 422, 120, 50, 295, 4, 0],[1, 1, 1, 1, 1, 1, 1, 1, 1, 1]
[4027, 742, 3590, 41, 1014, 699, 4, 41, 208, 414, 22, 0],[1, 1, 1, 1, 1, 1, 1, 1, 1, 1, 1, 1]
[13, 2577, 524, 41, 721, 699, 73, 24, 3590, 4, 0],[1, 1, 1, 1, 1, 1, 1, 1, 1, 1, 1]
[4027, 65, 510, 41, 503, 16, 2, 1056, 67, 38, 8, 8101, 10072, 20, 201, 195, 109, 3279, 63, 878, 4, 41, 208, 414, 22, 0],[1, 1, 1, 1, 1, 1, 1, 1, 1, 1, 1, 1, 1, 1, 1, 1, 1, 1, 1, 1, 1, 1, 1, 1, 1, 1]
[13, 2577, 524, 64, 12872, 721, 92, 50, 201, 3279, 109, 25695, 57632, 1271, 1200, 19, 878, 4, 0],[1, 1, 1, 1, 1, 1, 1, 1, 1, 1, 1, 1, 1, 1, 1, 1, 1, 1, 1]
[4027, 2, 128, 126, 41, 882, 842, 4, 41, 208, 414, 22, 0],[1, 1, 1, 1, 1, 1, 1, 1, 1, 1, 1, 1, 1]
[13, 190, 41, 59, 195, 110, 16, 8, 801, 4, 0],[1, 1, 1, 1, 1, 1, 1, 1, 1, 1, 1]
[4027, 2, 6264, 490, 20, 41, 51, 2875, 4, 41, 208, 414, 22, 0],[1, 1, 1, 1, 1, 1, 1, 1, 1, 1, 1, 1, 1, 1]
[13, 4027, 99, 820, 10, 8, 490, 4, 0],[1, 1, 1, 1, 1, 1, 1, 1, 1]
[1093, 120, 2, 13734, 1692, 41, 142, 126, 41, 85, 2, 575, 4, 41, 208, 414, 22, 0],[1, 1, 1, 1, 1, 1, 1, 1, 1, 1, 1, 1, 1, 1, 1, 1, 1, 1]
[13, 414, 190, 41, 51, 333, 134, 67, 1296, 2221, 16, 20, 22877, 732, 41, 85, 2, 575, 3, 13, 524, 4, 0],[1, 1, 1, 1, 1, 1, 1, 1, 1, 1, 1, 1, 1, 1, 1, 1, 1, 1, 1, 1, 1, 1, 1]
[1093, 120, 65, 1692, 41, 257, 699, 126, 41, 43, 38, 15015, 4, 41, 208, 414, 22, 0],[1, 1, 1, 1, 1, 1, 1, 1, 1, 1, 1, 1, 1, 1, 1, 1, 1, 1]
[13, 414, 1262, 41, 150, 2247, 699, 20, 126, 41, 85, 2, 575, 67, 46, 3, 13, 524, 0],[1, 1, 1, 1, 1, 1, 1, 1, 1, 1, 1, 1, 1, 1, 1, 1, 1, 1, 1]
[1093, 120, 13265, 41, 914, 38, 15015, 4, 41, 208, 414, 22, 0],[1, 1, 1, 1, 1, 1, 1, 1, 1, 1, 1, 1, 1]
[13, 414, 190, 41, 123, 8888, 20, 15015, 12, 2, 1450, 67, 46, 3, 13, 524, 0],[1, 1, 1, 1, 1, 1, 1, 1, 1, 1, 1, 1, 1, 1, 1, 1, 1]
[1093, 120, 99, 5469, 15015, 4, 41, 208, 414, 22, 0],[1, 1, 1, 1, 1, 1, 1, 1, 1, 1, 1]
[13, 414, 190, 41, 821, 721, 41, 59, 481, 38, 2, 15015, 257, 20, 67, 46, 3, 13, 524, 0],[1, 1, 1, 1, 1, 1, 1, 1, 1, 1, 1, 1, 1, 1, 1, 1, 1, 1, 1, 1]
[1093, 120, 99, 5098, 26, 99, 915, 413, 9737, 4, 41, 208, 414, 22, 0],[1, 1, 1, 1, 1, 1, 1, 1, 1, 1, 1, 1, 1, 1, 1]
[13, 414, 185, 1149, 41, 43, 12, 103, 102, 41, 51, 9114, 13, 524, 4, 0],[1, 1, 1, 1, 1, 1, 1, 1, 1, 1, 1, 1, 1, 1, 1, 1]
[4027, 2, 658, 67, 5051, 41, 123, 257, 12, 544, 16, 4, 41, 208, 414, 22, 0],[1, 1, 1, 1, 1, 1, 1, 1, 1, 1, 1, 1, 1, 1, 1, 1, 1]
[13, 2577, 524, 41, 123, 257, 12, 544, 16, 73, 490, 4, 0],[1, 1, 1, 1, 1, 1, 1, 1, 1, 1, 1, 1, 1]
[4027, 65, 559, 1841, 16, 99, 17243, 67, 674, 4, 41, 208, 414, 22, 0],[1, 1, 1, 1, 1, 1, 1, 1, 1, 1, 1, 1, 1, 1, 1]
[13, 2577, 524, 41, 721, 50, 24, 559, 4, 0],[1, 1, 1, 1, 1, 1, 1, 1, 1, 1]
[4027, 2, 1108, 20, 201, 3279, 99, 1219, 1290, 4, 41, 208, 414, 22, 0],[1, 1, 1, 1, 1, 1, 1, 1, 1, 1, 1, 1, 1, 1, 1]
[13, 2577, 185, 73, 1108, 123, 3279, 99, 1219, 1290, 4, 0],[1, 1, 1, 1, 1, 1, 1, 1, 1, 1, 1, 1]
[4027, 842, 78, 107, 94, 65, 559, 1828, 16, 99, 137, 4, 41, 208, 414, 22, 0],[1, 1, 1, 1, 1, 1, 1, 1, 1, 1, 1, 1, 1, 1, 1, 1, 1]
[13, 2577, 524, 73, 395, 107, 94, 159, 65, 1828, 38, 41, 4, 0],[1, 1, 1, 1, 1, 1, 1, 1, 1, 1, 1, 1, 1, 1]
[4027, 2, 16084, 20, 41, 429, 393, 4, 41, 208, 414, 22, 0],[1, 1, 1, 1, 1, 1, 1, 1, 1, 1, 1, 1, 1]
[13, 185, 50, 5022, 19, 12, 174, 1286, 16084, 19, 4, 0],[1, 1, 1, 1, 1, 1, 1, 1, 1, 1, 1, 1]
[1093, 120, 90, 5514, 10, 1875, 2, 3409, 935, 41, 51, 401, 4, 41, 208, 414, 22, 0],[1, 1, 1, 1, 1, 1, 1, 1, 1, 1, 1, 1, 1, 1, 1, 1, 1, 1]
[13, 414, 190, 41, 59, 393, 20, 446, 5514, 16, 8, 801, 67, 46, 3, 13, 524, 0],[1, 1, 1, 1, 1, 1, 1, 1, 1, 1, 1, 1, 1, 1, 1, 1, 1, 1]
[1093, 120, 65, 8918, 17557, 3959, 935, 390, 41, 51, 503, 67, 401, 4, 41, 208, 414, 22, 0],[1, 1, 1, 1, 1, 1, 1, 1, 1, 1, 1, 1, 1, 1, 1, 1, 1, 1, 1]
[13, 414, 190, 41, 123, 393, 2, 1286, 390, 804, 67, 46, 3, 13, 524, 0],[1, 1, 1, 1, 1, 1, 1, 1, 1, 1, 1, 1, 1, 1, 1, 1]
[1093, 120, 2, 935, 2553, 41, 51, 1120, 4, 41, 208, 414, 22, 0],[1, 1, 1, 1, 1, 1, 1, 1, 1, 1, 1, 1, 1, 1]
[13, 414, 190, 41, 721, 8, 2553, 33, 2, 196, 33193, 10, 99, 935, 3152, 67, 46, 3, 13, 524, 4, 0],[1, 1, 1, 1, 1, 1, 1, 1, 1, 1, 1, 1, 1, 1, 1, 1, 1, 1, 1, 1, 1, 1]
[4027, 65, 559, 7881, 57694, 36401, 16, 99, 1095, 4, 1727, 1336, 139, 22, 0],[1, 1, 1, 1, 1, 1, 1, 1, 1, 1, 1, 1, 1, 1, 1]
[2577, 524, 50, 24, 559, 0],[1, 1, 1, 1, 1, 1]
[4027, 2, 128, 41, 85, 2718, 26, 742, 4, 41, 208, 414, 22, 0],[1, 1, 1, 1, 1, 1, 1, 1, 1, 1, 1, 1, 1, 1]
[13, 2577, 102, 1884, 246, 41, 85, 2718, 4, 0],[1, 1, 1, 1, 1, 1, 1, 1, 1, 1]
[4027, 8, 312, 4542, 2998, 37340, 20, 41, 51, 4, 41, 208, 414, 22, 0],[1, 1, 1, 1, 1, 1, 1, 1, 1, 1, 1, 1, 1, 1, 1]
[13, 2577, 524, 50, 24, 138, 559, 12, 41, 4, 0],[1, 1, 1, 1, 1, 1, 1, 1, 1, 1, 1]
[4027, 65, 2276, 126, 41, 20153, 742, 559, 4, 41, 208, 414, 22, 0],[1, 1, 1, 1, 1, 1, 1, 1, 1, 1, 1, 1, 1, 1]
[13, 190, 41, 721, 73, 59, 2519, 804, 4, 0],[1, 1, 1, 1, 1, 1, 1, 1, 1, 1]
[4027, 2, 960, 5836, 3046, 4, 41, 208, 414, 22, 0],[1, 1, 1, 1, 1, 1, 1, 1, 1, 1, 1]
[2577, 524, 41, 1725, 73, 2986, 2276, 4, 0],[1, 1, 1, 1, 1, 1, 1, 1, 1]
[12902, 3818, 0],[1, 1, 1]
[4027, 2, 128, 126, 41, 201, 106, 25695, 57632, 1271, 1200, 69, 393, 99, 12902, 3818, 4, 41, 208, 414, 22, 0],[1, 1, 1, 1, 1, 1, 1, 1, 1, 1, 1, 1, 1, 1, 1, 1, 1, 1, 1, 1, 1, 1]
[13, 2577, 524, 41, 85, 46, 631, 12, 393, 99, 12902, 3818, 4, 0],[1, 1, 1, 1, 1, 1, 1, 1, 1, 1, 1, 1, 1, 1]
[4027, 102, 41, 123, 103, 190, 41, 1082, 2, 326, 989, 2873, 10, 924, 4, 41, 208, 414, 22, 0],[1, 1, 1, 1, 1, 1, 1, 1, 1, 1, 1, 1, 1, 1, 1, 1, 1, 1, 1, 1]
[13, 2577, 185, 41, 123, 422, 120, 1933, 138, 318, 924, 4, 0],[1, 1, 1, 1, 1, 1, 1, 1, 1, 1, 1, 1, 1]
[4027, 2, 991, 214, 153, 20, 2938, 41, 655, 924, 57694, 18100, 46, 2938, 41, 318, 4, 41, 208, 414, 22, 0],[1, 1, 1, 1, 1, 1, 1, 1, 1, 1, 1, 1, 1, 1, 1, 1, 1, 1, 1, 1, 1, 1]
[13, 2577, 185, 41, 422, 120, 8, 214, 4, 0],[1, 1, 1, 1, 1, 1, 1, 1, 1, 1]
[4027, 742, 64, 37226, 92, 20, 41, 3696, 924, 12, 3694, 4, 41, 208, 414, 22, 0],[1, 1, 1, 1, 1, 1, 1, 1, 1, 1, 1, 1, 1, 1, 1, 1, 1]
[13, 2577, 185, 41, 856, 126, 64, 1026, 3, 307, 92, 41, 7533, 50, 4, 0],[1, 1, 1, 1, 1, 1, 1, 1, 1, 1, 1, 1, 1, 1, 1, 1]
[1093, 120, 2, 10496, 8304, 41, 123, 257, 12, 36, 631, 12, 2490, 131, 51, 456, 1756, 4, 41, 208, 414, 22, 0],[1, 1, 1, 1, 1, 1, 1, 1, 1, 1, 1, 1, 1, 1, 1, 1, 1, 1, 1, 1, 1, 1, 1]
[13, 414, 190, 41, 721, 41, 59, 821, 1192, 12, 2490, 20, 8304, 67, 46, 3, 13, 524, 0],[1, 1, 1, 1, 1, 1, 1, 1, 1, 1, 1, 1, 1, 1, 1, 1, 1, 1, 1]
[4027, 99, 40124, 4752, 4727, 4, 41, 208, 414, 22, 0],[1, 1, 1, 1, 1, 1, 1, 1, 1, 1, 1]
[2577, 524, 50, 24, 99, 40124, 4752, 4727, 4, 0],[1, 1, 1, 1, 1, 1, 1, 1, 1, 1]
[4027, 65, 4978, 5950, 10, 634, 20, 41, 51, 2667, 503, 120, 67, 1344, 120, 4, 41, 208, 414, 22, 0],[1, 1, 1, 1, 1, 1, 1, 1, 1, 1, 1, 1, 1, 1, 1, 1, 1, 1, 1, 1, 1]
[13, 2577, 524, 73, 634, 2926, 33, 4978, 12, 41, 4, 0],[1, 1, 1, 1, 1, 1, 1, 1, 1, 1, 1, 1]
[4027, 141, 196, 634, 20, 41, 2667, 1082, 4, 41, 208, 414, 22, 0],[1, 1, 1, 1, 1, 1, 1, 1, 1, 1, 1, 1, 1, 1]
[2577, 524, 73, 33, 196, 634, 4, 0],[1, 1, 1, 1, 1, 1, 1, 1]
[4027, 2, 395, 78, 24, 429, 16, 8, 634, 13, 78, 41, 123, 257, 12, 1934, 4, 41, 208, 414, 22, 0],[1, 1, 1, 1, 1, 1, 1, 1, 1, 1, 1, 1, 1, 1, 1, 1, 1, 1, 1, 1, 1, 1]
[13, 2577, 524, 41, 123, 257, 12, 1934, 130, 57694, 8154, 4, 0],[1, 1, 1, 1, 1, 1, 1, 1, 1, 1, 1, 1, 1]
[4027, 109, 20, 41, 304, 13, 898, 12, 36, 326, 196, 336, 4, 41, 208, 414, 22, 0],[1, 1, 1, 1, 1, 1, 1, 1, 1, 1, 1, 1, 1, 1, 1, 1, 1, 1]
[13, 2577, 102, 50, 3237, 12, 36, 196, 336, 4, 0],[1, 1, 1, 1, 1, 1, 1, 1, 1, 1, 1]
[4027, 8, 884, 7107, 41, 51, 145, 12, 4, 41, 208, 414, 22, 0],[1, 1, 1, 1, 1, 1, 1, 1, 1, 1, 1, 1, 1, 1]
[13, 2577, 102, 249, 50, 138, 9426, 4, 0],[1, 1, 1, 1, 1, 1, 1, 1, 1]
[1093, 120, 2, 15546, 7107, 41, 75, 1725, 289, 4, 41, 208, 414, 22, 0],[1, 1, 1, 1, 1, 1, 1, 1, 1, 1, 1, 1, 1, 1, 1]
[13, 414, 185, 50, 33, 794, 61, 174, 32787, 41, 51, 94, 316, 67, 732, 0],[1, 1, 1, 1, 1, 1, 1, 1, 1, 1, 1, 1, 1, 1, 1, 1]
[4027, 2, 6872, 8180, 67, 7817, 16, 99, 1095, 4, 41, 208, 414, 22, 0],[1, 1, 1, 1, 1, 1, 1, 1, 1, 1, 1, 1, 1, 1, 1]
[13, 414, 190, 20, 24, 99, 40124, 4752, 7817, 67, 46, 3, 13, 524, 0],[1, 1, 1, 1, 1, 1, 1, 1, 1, 1, 1, 1, 1, 1, 1]
[4027, 99, 40124, 4752, 8180, 67, 7817, 4, 41, 208, 414, 22, 0],[1, 1, 1, 1, 1, 1, 1, 1, 1, 1, 1, 1, 1]
[13, 414, 185, 20, 8180, 67, 7817, 5022, 19, 12, 258, 16, 99, 1095, 67, 9069, 4, 0],[1, 1, 1, 1, 1, 1, 1, 1, 1, 1, 1, 1, 1, 1, 1, 1, 1, 1]
[4027, 2, 16182, 490, 41, 25695, 57632, 1271, 1200, 1375, 145, 12, 4, 41, 208, 414, 22, 0],[1, 1, 1, 1, 1, 1, 1, 1, 1, 1, 1, 1, 1, 1, 1, 1, 1, 1]
[13, 2577, 185, 41, 856, 120, 8, 490, 4, 0],[1, 1, 1, 1, 1, 1, 1, 1, 1, 1]
[1093, 120, 90, 1197, 41, 43, 1001, 12, 103, 915, 14839, 4, 41, 208, 5124, 22, 0],[1, 1, 1, 1, 1, 1, 1, 1, 1, 1, 1, 1, 1, 1, 1, 1, 1]
[13, 414, 1262, 41, 43, 2224, 2778, 12, 50, 67, 46, 13, 524, 0],[1, 1, 1, 1, 1, 1, 1, 1, 1, 1, 1, 1, 1, 1]
[1093, 120, 90, 1197, 41, 43, 7162, 12, 103, 307, 41, 3438, 8, 31, 17914, 69, 19, 2553, 4, 41, 208, 414, 22, 0],[1, 1, 1, 1, 1, 1, 1, 1, 1, 1, 1, 1, 1, 1, 1, 1, 1, 1, 1, 1, 1, 1, 1, 1]
[13, 414, 1262, 170, 43, 319, 174, 16071, 26, 102, 41, 201, 103, 189, 420, 36, 277, 39, 196, 4, 0],[1, 1, 1, 1, 1, 1, 1, 1, 1, 1, 1, 1, 1, 1, 1, 1, 1, 1, 1, 1, 1]
[1093, 120, 2, 2671, 67, 22067, 41, 51, 4, 41, 208, 414, 22, 0],[1, 1, 1, 1, 1, 1, 1, 1, 1, 1, 1, 1, 1, 1]
[13, 414, 190, 41, 721, 41, 59, 6941, 20, 2671, 67, 22067, 67, 46, 3, 13, 524, 0],[1, 1, 1, 1, 1, 1, 1, 1, 1, 1, 1, 1, 1, 1, 1, 1, 1, 1]
[7792, 67, 3540, 0],[1, 1, 1, 1]
[4027, 2, 13040, 20, 41, 257, 4, 41, 208, 414, 22, 0],[1, 1, 1, 1, 1, 1, 1, 1, 1, 1, 1, 1]
[2577, 524, 41, 257, 8, 13040, 4, 0],[1, 1, 1, 1, 1, 1, 1, 1]
[4027, 742, 189, 24, 2723, 16, 99, 1095, 3, 159, 39, 653, 3, 2, 700, 1061, 1133, 9939, 3, 67, 2, 1893, 4, 41, 208, 414, 22, 0],[1, 1, 1, 1, 1, 1, 1, 1, 1, 1, 1, 1, 1, 1, 1, 1, 1, 1, 1, 1, 1, 1, 1, 1, 1, 1, 1, 1]
[13, 2577, 524, 99, 1095, 6558, 73, 1197, 4, 0],[1, 1, 1, 1, 1, 1, 1, 1, 1, 1]
[4027, 99, 40124, 4752, 390, 4, 41, 208, 414, 22, 0],[1, 1, 1, 1, 1, 1, 1, 1, 1, 1, 1]
[2577, 524, 73, 390, 24, 99, 40124, 4752, 4, 0],[1, 1, 1, 1, 1, 1, 1, 1, 1, 1]
[4027, 2, 16084, 20, 41, 1507, 2, 2236, 4, 41, 208, 414, 22, 0],[1, 1, 1, 1, 1, 1, 1, 1, 1, 1, 1, 1, 1, 1]
[2577, 524, 41, 1507, 8, 16084, 2, 2236, 4, 0],[1, 1, 1, 1, 1, 1, 1, 1, 1, 1]
[20526, 0],[1, 1]
[4027, 2, 14028, 67, 2, 6299, 1264, 357, 41, 429, 481, 12, 4, 41, 208, 414, 22, 0],[1, 1, 1, 1, 1, 1, 1, 1, 1, 1, 1, 1, 1, 1, 1, 1, 1, 1]
[13, 414, 524, 41, 257, 50, 4, 0],[1, 1, 1, 1, 1, 1, 1, 1]
[4027, 2, 5900, 1552, 67, 862, 41, 304, 120, 4, 41, 208, 414, 22, 0],[1, 1, 1, 1, 1, 1, 1, 1, 1, 1, 1, 1, 1, 1, 1]
[13, 2577, 524, 73, 1552, 24, 559, 4, 0],[1, 1, 1, 1, 1, 1, 1, 1, 1]
[4027, 2, 1552, 41, 94, 12, 2727, 126, 41, 85, 16, 714, 4, 41, 208, 414, 22, 0],[1, 1, 1, 1, 1, 1, 1, 1, 1, 1, 1, 1, 1, 1, 1, 1, 1, 1]
[13, 102, 123, 2519, 190, 1720, 5303, 8, 1552, 4, 0],[1, 1, 1, 1, 1, 1, 1, 1, 1, 1, 1]
[4027, 2, 714, 20, 41, 43, 3229, 67, 2996, 16, 8, 1181, 4, 41, 208, 414, 22, 0],[1, 1, 1, 1, 1, 1, 1, 1, 1, 1, 1, 1, 1, 1, 1, 1, 1, 1]
[13, 414, 190, 41, 721, 50, 24, 2, 196, 714, 1841, 67, 46, 3, 13, 524, 0],[1, 1, 1, 1, 1, 1, 1, 1, 1, 1, 1, 1, 1, 1, 1, 1, 1]
[1093, 120, 2, 1847, 41, 123, 257, 12, 381, 16, 8, 801, 4, 41, 208, 414, 22, 0],[1, 1, 1, 1, 1, 1, 1, 1, 1, 1, 1, 1, 1, 1, 1, 1, 1, 1]
[13, 414, 190, 41, 721, 41, 59, 1914, 2335, 50, 1025, 67, 46, 3, 13, 524, 0],[1, 1, 1, 1, 1, 1, 1, 1, 1, 1, 1, 1, 1, 1, 1, 1, 1]
[4027, 65, 1290, 10, 2685, 20, 41, 43, 2221, 16, 4, 41, 208, 414, 0],[1, 1, 1, 1, 1, 1, 1, 1, 1, 1, 1, 1, 1, 1, 1]
[13, 2577, 185, 73, 1290, 10, 2685, 1809, 41, 0],[1, 1, 1, 1, 1, 1, 1, 1, 1, 1]
[4027, 2, 3674, 1847, 20, 41, 873, 120, 16, 720, 714, 4, 41, 208, 414, 22, 0],[1, 1, 1, 1, 1, 1, 1, 1, 1, 1, 1, 1, 1, 1, 1, 1, 1]
[13, 2577, 185, 73, 1847, 882, 41, 16, 99, 137, 4, 0],[1, 1, 1, 1, 1, 1, 1, 1, 1, 1, 1, 1]
[4027, 2, 8597, 4482, 16, 99, 17243, 4, 41, 208, 414, 22, 0],[1, 1, 1, 1, 1, 1, 1, 1, 1, 1, 1, 1, 1]
[13, 414, 190, 41, 721, 8597, 170, 59, 333, 134, 67, 1296, 2353, 16, 8, 801, 3, 13, 524, 4, 0],[1, 1, 1, 1, 1, 1, 1, 1, 1, 1, 1, 1, 1, 1, 1, 1, 1, 1, 1, 1, 1]
[4027, 2, 9118, 16, 99, 17243, 67, 8, 490, 41, 43, 614, 295, 4, 41, 208, 414, 22, 0],[1, 1, 1, 1, 1, 1, 1, 1, 1, 1, 1, 1, 1, 1, 1, 1, 1, 1, 1]
[13, 3, 190, 41, 721, 50, 59, 36, 2353, 67, 46, 16, 8, 801, 3, 13, 524, 0],[1, 1, 1, 1, 1, 1, 1, 1, 1, 1, 1, 1, 1, 1, 1, 1, 1, 1]
[1744, 715, 0],[1, 1, 1]
[4027, 2, 1006, 16, 99, 674, 4, 41, 208, 414, 22, 0],[1, 1, 1, 1, 1, 1, 1, 1, 1, 1, 1, 1]
[13, 414, 102, 75, 36, 887, 12, 6912, 67, 4588, 8, 2993, 10, 73, 1006, 4, 0],[1, 1, 1, 1, 1, 1, 1, 1, 1, 1, 1, 1, 1, 1, 1, 1, 1]
[742, 1081, 12, 393, 0],[1, 1, 1, 1, 1]
[4027, 742, 41, 7533, 20, 33, 1081, 12, 393, 88, 223, 4, 41, 208, 414, 22, 0],[1, 1, 1, 1, 1, 1, 1, 1, 1, 1, 1, 1, 1, 1, 1, 1, 1]
[13, 2577, 524, 50, 33, 1081, 12, 393, 88, 223, 4, 0],[1, 1, 1, 1, 1, 1, 1, 1, 1, 1, 1, 1]
[1093, 120, 2, 15509, 41, 257, 699, 67, 5589, 4, 41, 208, 414, 22, 0],[1, 1, 1, 1, 1, 1, 1, 1, 1, 1, 1, 1, 1, 1, 1]
[13, 414, 190, 41, 721, 50, 24, 65, 1654, 15509, 12, 103, 67, 46, 3, 13, 524, 0],[1, 1, 1, 1, 1, 1, 1, 1, 1, 1, 1, 1, 1, 1, 1, 1, 1, 1]
[1093, 120, 2, 15509, 154, 109, 1014, 3, 131, 41, 51, 456, 1756, 4, 41, 208, 414, 22, 0],[1, 1, 1, 1, 1, 1, 1, 1, 1, 1, 1, 1, 1, 1, 1, 1, 1, 1, 1]
[13, 414, 190, 41, 721, 41, 59, 103, 73, 15509, 16, 8, 1224, 801, 67, 46, 3, 13, 524, 0],[1, 1, 1, 1, 1, 1, 1, 1, 1, 1, 1, 1, 1, 1, 1, 1, 1, 1, 1, 1]
[1093, 120, 2, 15509, 20, 2624, 41, 3, 131, 41, 51, 456, 1756, 4, 41, 208, 414, 22, 0],[1, 1, 1, 1, 1, 1, 1, 1, 1, 1, 1, 1, 1, 1, 1, 1, 1, 1, 1]
[13, 414, 190, 41, 721, 41, 59, 821, 103, 73, 15509, 67, 46, 3, 13, 524, 0],[1, 1, 1, 1, 1, 1, 1, 1, 1, 1, 1, 1, 1, 1, 1, 1, 1]
[4027, 2, 33664, 3046, 41, 2996, 4, 41, 208, 414, 22, 0],[1, 1, 1, 1, 1, 1, 1, 1, 1, 1, 1, 1]
[2577, 524, 41, 809, 73, 3046, 12, 36, 10, 1350, 4, 0],[1, 1, 1, 1, 1, 1, 1, 1, 1, 1, 1, 1]
[4027, 2, 15509, 20, 41, 123, 257, 12, 1192, 4, 41, 208, 414, 22, 0],[1, 1, 1, 1, 1, 1, 1, 1, 1, 1, 1, 1, 1, 1, 1]
[2577, 524, 73, 15509, 123, 36, 196, 12, 1192, 4, 0],[1, 1, 1, 1, 1, 1, 1, 1, 1, 1, 1]
[4027, 8, 884, 2679, 41, 51, 94, 4, 41, 208, 414, 22, 0],[1, 1, 1, 1, 1, 1, 1, 1, 1, 1, 1, 1, 1]
[13, 2577, 524, 41, 721, 73, 395, 33, 8, 884, 2679, 41, 25695, 57632, 1271, 1200, 1375, 94, 4, 0],[1, 1, 1, 1, 1, 1, 1, 1, 1, 1, 1, 1, 1, 1, 1, 1, 1, 1, 1, 1]
[1705, 1144, 0],[1, 1, 1]
[4027, 65, 559, 1705, 1144, 41, 1082, 4, 41, 208, 414, 22, 0],[1, 1, 1, 1, 1, 1, 1, 1, 1, 1, 1, 1, 1]
[13, 2577, 524, 8, 1144, 33, 559, 12, 41, 4, 0],[1, 1, 1, 1, 1, 1, 1, 1, 1, 1, 1]
[4027, 742, 41, 327, 189, 24, 326, 559, 12, 41, 4, 41, 208, 414, 22, 0],[1, 1, 1, 1, 1, 1, 1, 1, 1, 1, 1, 1, 1, 1, 1, 1]
[13, 2577, 524, 50, 24, 559, 12, 41, 4, 0],[1, 1, 1, 1, 1, 1, 1, 1, 1, 1]
[4501, 6210, 0],[1, 1, 1]
[1093, 120, 2, 4501, 6210, 189, 24, 326, 2353, 16, 99, 1095, 4, 41, 208, 414, 0],[1, 1, 1, 1, 1, 1, 1, 1, 1, 1, 1, 1, 1, 1, 1, 1, 1]
[13, 190, 50, 24, 2353, 16, 174, 1122, 4, 0],[1, 1, 1, 1, 1, 1, 1, 1, 1, 1]
[10272, 0],[1, 1]
[4027, 8, 10272, 759, 16, 99, 17243, 67, 8, 490, 41, 43, 614, 295, 4, 41, 208, 414, 22, 0],[1, 1, 1, 1, 1, 1, 1, 1, 1, 1, 1, 1, 1, 1, 1, 1, 1, 1, 1, 1]
[13, 414, 190, 41, 721, 312, 109, 43, 960, 34, 8, 10272, 759, 67, 46, 3, 13, 524, 4, 0],[1, 1, 1, 1, 1, 1, 1, 1, 1, 1, 1, 1, 1, 1, 1, 1, 1, 1, 1, 1]
[1093, 120, 90, 501, 10, 10272, 20, 41, 429, 393, 4, 41, 208, 5124, 22, 0],[1, 1, 1, 1, 1, 1, 1, 1, 1, 1, 1, 1, 1, 1, 1, 1]
[13, 414, 190, 41, 721, 41, 59, 393, 20, 501, 10, 9990, 134, 67, 1296, 429, 16, 8, 801, 3, 13, 524, 4, 0],[1, 1, 1, 1, 1, 1, 1, 1, 1, 1, 1, 1, 1, 1, 1, 1, 1, 1, 1, 1, 1, 1, 1, 1]
[4027, 2, 4421, 41, 716, 55, 1288, 9990, 4, 41, 208, 414, 22, 0],[1, 1, 1, 1, 1, 1, 1, 1, 1, 1, 1, 1, 1, 1]
[13, 2577, 185, 41, 856, 120, 8, 4421, 4, 0],[1, 1, 1, 1, 1, 1, 1, 1, 1, 1]
[4027, 2, 4253, 41, 51, 145, 38, 4, 41, 208, 414, 22, 0],[1, 1, 1, 1, 1, 1, 1, 1, 1, 1, 1, 1, 1]
[13, 414, 1262, 41, 721, 50, 33, 1654, 12, 309, 73, 4253, 67, 46, 3, 13, 524, 4, 0],[1, 1, 1, 1, 1, 1, 1, 1, 1, 1, 1, 1, 1, 1, 1, 1, 1, 1, 1]
[1093, 120, 742, 9989, 257, 12, 103, 16, 99, 1095, 4, 41, 208, 414, 22, 0],[1, 1, 1, 1, 1, 1, 1, 1, 1, 1, 1, 1, 1, 1, 1, 1]
[13, 414, 190, 41, 721, 50, 59, 333, 134, 2353, 67, 1296, 2353, 16, 8, 801, 13, 524, 0],[1, 1, 1, 1, 1, 1, 1, 1, 1, 1, 1, 1, 1, 1, 1, 1, 1, 1, 1]
[1093, 120, 2, 214, 4421, 41, 51, 145, 38, 4, 41, 208, 414, 22, 0],[1, 1, 1, 1, 1, 1, 1, 1, 1, 1, 1, 1, 1, 1, 1]
[13, 414, 1262, 41, 123, 257, 12, 481, 463, 12, 8, 446, 490, 804, 67, 46, 3, 13, 524, 4, 0],[1, 1, 1, 1, 1, 1, 1, 1, 1, 1, 1, 1, 1, 1, 1, 1, 1, 1, 1, 1, 1]
[1093, 120, 2, 407, 10, 99, 1095, 41, 51, 456, 145, 12, 131, 123, 257, 12, 1507, 4, 41, 208, 414, 22, 0],[1, 1, 1, 1, 1, 1, 1, 1, 1, 1, 1, 1, 1, 1, 1, 1, 1, 1, 1, 1, 1, 1, 1]
[13, 414, 185, 41, 223, 515, 2221, 16, 1001, 12, 20, 490, 4, 0],[1, 1, 1, 1, 1, 1, 1, 1, 1, 1, 1, 1, 1, 1]
[1093, 120, 2, 3409, 1095, 41, 51, 456, 145, 12, 131, 123, 257, 12, 1507, 4, 41, 208, 414, 22, 0],[1, 1, 1, 1, 1, 1, 1, 1, 1, 1, 1, 1, 1, 1, 1, 1, 1, 1, 1, 1, 1]
[13, 414, 185, 41, 223, 515, 2221, 16, 1001, 12, 20, 490, 4, 0],[1, 1, 1, 1, 1, 1, 1, 1, 1, 1, 1, 1, 1, 1]
[4027, 2, 1095, 41, 123, 257, 12, 1507, 16, 8, 801, 20, 41, 11840, 25695, 57632, 1271, 1200, 69, 145, 12, 1027, 4, 41, 208, 414, 22, 0],[1, 1, 1, 1, 1, 1, 1, 1, 1, 1, 1, 1, 1, 1, 1, 1, 1, 1, 1, 1, 1, 1, 1, 1, 1, 1, 1, 1]
[2577, 524, 73, 1095, 123, 36, 159, 2, 196, 490, 12, 1507, 4, 0],[1, 1, 1, 1, 1, 1, 1, 1, 1, 1, 1, 1, 1, 1]
[4027, 2, 7881, 3, 2, 4012, 67, 2, 1451, 41, 51, 2875, 4, 41, 208, 414, 22, 0],[1, 1, 1, 1, 1, 1, 1, 1, 1, 1, 1, 1, 1, 1, 1, 1, 1, 1]
[2577, 524, 41, 257, 73, 2986, 490, 4, 0],[1, 1, 1, 1, 1, 1, 1, 1, 1]
[4027, 2, 15015, 20, 41, 2667, 914, 38, 20, 41, 2247, 4, 41, 208, 414, 22, 0],[1, 1, 1, 1, 1, 1, 1, 1, 1, 1, 1, 1, 1, 1, 1, 1, 1]
[2577, 524, 73, 15015, 33, 9426, 4, 0],[1, 1, 1, 1, 1, 1, 1, 1]
[4501, 6210, 0],[1, 1, 1]
[4027, 2, 4501, 6210, 16, 99, 1095, 4, 41, 208, 414, 22, 0],[1, 1, 1, 1, 1, 1, 1, 1, 1, 1, 1, 1, 1]
[13, 2577, 185, 41, 422, 120, 50, 4, 0],[1, 1, 1, 1, 1, 1, 1, 1, 1]
[4027, 2, 4436, 3575, 2051, 2838, 20, 41, 429, 2864, 4, 41, 208, 414, 22, 0],[1, 1, 1, 1, 1, 1, 1, 1, 1, 1, 1, 1, 1, 1, 1, 1]
[13, 414, 190, 41, 721, 20, 2051, 2838, 24, 802, 171, 174, 4436, 3575, 2051, 2838, 19, 20, 43, 38, 88, 8, 446, 128, 67, 46, 3, 13, 524, 0],[1, 1, 1, 1, 1, 1, 1, 1, 1, 1, 1, 1, 1, 1, 1, 1, 1, 1, 1, 1, 1, 1, 1, 1, 1, 1, 1, 1, 1, 1]
[4027, 2, 2975, 3, 22620, 67, 11244, 20, 41, 43, 4942, 34, 4, 41, 208, 414, 22, 0],[1, 1, 1, 1, 1, 1, 1, 1, 1, 1, 1, 1, 1, 1, 1, 1, 1, 1]
[13, 2577, 524, 50, 24, 559, 26, 99, 1095, 4, 0],[1, 1, 1, 1, 1, 1, 1, 1, 1, 1, 1]
[4027, 2, 128, 126, 8, 5134, 10064, 41, 61, 699, 742, 4, 41, 208, 414, 22, 0],[1, 1, 1, 1, 1, 1, 1, 1, 1, 1, 1, 1, 1, 1, 1, 1, 1]
[13, 2577, 185, 41, 856, 126, 41, 94, 12, 1108, 99, 5098, 4, 0],[1, 1, 1, 1, 1, 1, 1, 1, 1, 1, 1, 1, 1, 1]
[4027, 99, 5469, 1824, 4, 41, 208, 414, 22, 0],[1, 1, 1, 1, 1, 1, 1, 1, 1, 1]
[13, 414, 190, 41, 721, 41, 59, 36, 631, 12, 436, 2, 1824, 257, 20, 67, 46, 3, 13, 524, 4, 0],[1, 1, 1, 1, 1, 1, 1, 1, 1, 1, 1, 1, 1, 1, 1, 1, 1, 1, 1, 1, 1, 1]
[4027, 99, 5469, 11538, 4, 41, 208, 414, 22, 0],[1, 1, 1, 1, 1, 1, 1, 1, 1, 1]
[13, 414, 190, 41, 721, 41, 59, 821, 202, 16, 2, 490, 257, 20, 67, 46, 3, 13, 524, 4, 0],[1, 1, 1, 1, 1, 1, 1, 1, 1, 1, 1, 1, 1, 1, 1, 1, 1, 1, 1, 1, 1]
[1093, 120, 2, 1824, 41, 51, 887, 67, 304, 120, 4, 41, 208, 414, 22, 0],[1, 1, 1, 1, 1, 1, 1, 1, 1, 1, 1, 1, 1, 1, 1, 1]
[13, 414, 190, 41, 721, 50, 24, 2, 5023, 1824, 12, 103, 67, 46, 3, 13, 524, 4, 0],[1, 1, 1, 1, 1, 1, 1, 1, 1, 1, 1, 1, 1, 1, 1, 1, 1, 1, 1]
[1093, 120, 2, 1824, 842, 16, 99, 256, 206, 4, 12872, 208, 414, 22, 0],[1, 1, 1, 1, 1, 1, 1, 1, 1, 1, 1, 1, 1, 1, 1]
[13, 414, 190, 41, 721, 20, 395, 13022, 63, 1824, 67, 46, 3, 13, 524, 4, 0],[1, 1, 1, 1, 1, 1, 1, 1, 1, 1, 1, 1, 1, 1, 1, 1, 1]
[4027, 2, 11538, 41, 51, 2368, 16, 67, 304, 120, 4, 12872, 208, 414, 22, 0],[1, 1, 1, 1, 1, 1, 1, 1, 1, 1, 1, 1, 1, 1, 1, 1]
[13, 414, 190, 41, 721, 50, 24, 2, 196, 490, 12, 202, 67, 46, 3, 13, 524, 4, 0],[1, 1, 1, 1, 1, 1, 1, 1, 1, 1, 1, 1, 1, 1, 1, 1, 1, 1, 1]
[4027, 2, 1824, 41, 123, 257, 12, 103, 16, 8, 801, 4, 12872, 208, 414, 22, 0],[1, 1, 1, 1, 1, 1, 1, 1, 1, 1, 1, 1, 1, 1, 1, 1, 1]
[13, 414, 190, 41, 721, 41, 59, 36, 631, 12, 436, 20, 1824, 67, 46, 3, 13, 524, 4, 0],[1, 1, 1, 1, 1, 1, 1, 1, 1, 1, 1, 1, 1, 1, 1, 1, 1, 1, 1, 1]
[2, 6756, 1197, 41, 142, 0],[1, 1, 1, 1, 1, 1]
[2, 2393, 10, 2, 4002, 0],[1, 1, 1, 1, 1, 1]
[23851, 0],[1, 1]
[1889, 5415, 0],[1, 1, 1]
[7803, 1108, 12, 1219, 1290, 0],[1, 1, 1, 1, 1, 1]
[2603, 4191, 0],[1, 1, 1]
[8687, 10590, 0],[1, 1, 1]
[4075, 0],[1, 1]
[2750, 0],[1, 1]
[7804, 820, 0],[1, 1, 1]
[13734, 1848, 0],[1, 1, 1]
[12902, 16510, 0],[1, 1, 1]
[20526, 0],[1, 1]
[1744, 715, 0],[1, 1, 1]
[742, 1081, 12, 393, 0],[1, 1, 1, 1, 1]
[1705, 1144, 0],[1, 1, 1]
[128, 126, 842, 2, 1818, 6734, 26282, 12, 41, 0],[1, 1, 1, 1, 1, 1, 1, 1, 1, 1]
[4501, 4236, 0],[1, 1, 1]
[31, 18501, 69, 3959, 16120, 2037, 871, 0],[1, 1, 1, 1, 1, 1, 1, 1]
[31, 17914, 69, 19, 1682, 5056, 0],[1, 1, 1, 1, 1, 1, 1]
